  5.095657E-03  7.884712E-03 -1.628152E-04  5.256346E-03  1.071481E-02 -3.229535E-03  6.638729E-03  9.122851E-03  2.028399E-03
  6.721327E-04  6.739404E-03 -2.071537E-03 -5.221221E-03  7.085583E-03 -3.152599E-03  3.376292E-03  9.891667E-03 -1.241846E-03
 -6.114200E-04  6.277337E-03  1.801118E-03 -5.362896E-03  6.344235E-03 -6.456858E-04  2.955304E-03  1.257784E-02  4.277376E-03
 -1.787422E-03  6.818429E-03 -1.776008E-03 -1.931974E-03  3.637282E-03  1.755215E-03 -2.132651E-03  5.853969E-03 -3.143257E-03
 -7.788664E-05  2.530808E-03 -2.386589E-03 -2.522682E-03  2.413889E-03 -4.944543E-03 -4.428322E-04  3.041800E-03 -1.919045E-03
  3.707470E-03  5.127911E-03  1.688361E-03  8.580315E-03  7.949532E-03  3.759378E-03  1.927681E-03  5.183582E-03  3.152858E-03
  1.728127E-03  4.917376E-03  1.072831E-03  5.870171E-03  3.389738E-03  8.458300E-03 -1.270826E-03  4.224114E-03  1.004700E-03
  2.331348E-03  8.509574E-03 -8.259059E-03  4.330540E-04  1.048518E-02 -1.108051E-02  5.620779E-03  9.600293E-03 -6.915391E-03
  4.877076E-03  6.312195E-03 -5.153265E-03  8.770600E-03  7.312057E-03 -7.899782E-03  4.747505E-03  7.898447E-03 -3.800825E-03
  8.382589E-04  4.299826E-03 -6.851972E-04  6.294863E-03  1.860626E-03 -5.495095E-03  3.477873E-05  7.681177E-03  6.835642E-03
  2.634576E-03  7.910986E-03 -1.069227E-02 -5.989501E-04  1.022434E-02 -1.210170E-02  4.155192E-03  7.383240E-03 -1.217370E-02
  1.061375E-03  5.290404E-03 -9.628886E-04 -1.623228E-03  3.715799E-03 -2.501154E-03  2.975293E-03  8.780316E-03 -2.324155E-03
  4.981704E-03  7.673082E-03 -2.506429E-03  7.451711E-03  6.978527E-03 -1.930793E-03  6.914370E-03  6.576466E-03 -3.485619E-03
  1.837699E-03  9.388026E-03 -5.828964E-03  5.264555E-04  6.522235E-03  1.864891E-03  2.404644E-03  1.325354E-02 -5.173712E-03
  4.085562E-03  8.264072E-03  8.892111E-05  3.456948E-03  1.083541E-02 -2.668126E-03  6.210405E-03  9.969634E-03  2.766837E-03
  2.403971E-04  6.133533E-03 -3.148932E-03 -5.060353E-03  6.117786E-03 -5.066939E-03  2.953157E-03  1.049864E-02 -1.704261E-03
  1.338687E-04  6.359343E-03  1.238833E-03 -4.629853E-03  7.148838E-03 -7.550410E-04  3.510800E-03  1.170514E-02  5.041314E-03
 -3.281936E-03  5.708541E-03 -1.958688E-03 -5.883430E-03  2.334124E-03  1.588252E-03 -5.840266E-03  4.288732E-03 -2.100800E-03
  1.393975E-03  4.170053E-03 -2.237359E-03 -3.995881E-04  5.291746E-03 -6.431842E-03  1.907348E-03  4.346736E-03 -2.036245E-03
  3.556525E-03  5.053042E-03  2.088948E-03  9.206379E-03  5.597674E-03  3.184480E-03  1.822819E-03  6.504961E-03  3.526732E-03
  2.530343E-03  5.119161E-03  2.147462E-03  4.915524E-03  3.775862E-03  8.996121E-03  1.415820E-04  4.999701E-03  2.021587E-03
  1.411117E-03  9.343792E-03 -6.102840E-03 -1.614507E-03  8.756098E-03 -8.822606E-03  4.987343E-03  1.278031E-02 -4.473874E-03
  3.620378E-03  5.851695E-03 -6.803640E-03  6.549485E-03  7.467709E-03 -9.199590E-03  4.201065E-03  7.731633E-03 -5.172051E-03
  2.029007E-03  5.379602E-03 -9.813131E-05  8.023627E-03  2.855776E-03 -3.809739E-03  1.401416E-03  8.170678E-03  6.485910E-03
  2.812848E-04  6.157572E-03 -9.341583E-03 -1.100652E-03  6.786989E-03 -1.068753E-02  4.221569E-04  7.465556E-03 -9.209542E-03
  2.088369E-03  4.588127E-03 -6.761427E-04 -5.313553E-04  3.110594E-03 -2.314880E-03  3.963246E-03  8.472212E-03 -2.417843E-03
  5.588046E-03  7.493747E-03 -2.430933E-03  7.088481E-03  6.187050E-03 -1.431636E-03  7.479824E-03  6.414032E-03 -4.586555E-03
  9.824575E-04  7.991569E-03 -2.003199E-03 -2.392268E-03  6.060978E-03  4.810898E-03  2.409724E-03  1.135465E-02 -2.274474E-03
  3.283800E-03  7.915835E-03 -1.239833E-03  3.105889E-03  1.080131E-02 -3.334787E-03  4.328778E-03  9.251351E-03  3.180619E-03
  1.240412E-03  6.971820E-03 -3.983261E-03 -3.502098E-03  8.725763E-03 -6.762492E-03  5.303278E-03  1.211566E-02 -2.780586E-03
 -1.549966E-03  5.918083E-03  2.324281E-03 -6.269279E-03  6.506021E-03  1.216780E-03  6.241123E-04  1.102079E-02  6.413167E-03
 -2.225353E-03  3.308660E-03 -4.318722E-03 -4.256945E-03  1.642571E-03 -1.350965E-03 -5.543779E-03  2.370998E-03 -2.900388E-03
  1.651143E-03  5.404501E-03 -1.694141E-03 -1.955991E-04  6.348909E-03 -7.321712E-03  2.287918E-03  5.461925E-03 -7.995230E-04
  1.926027E-03  5.582121E-03  3.642937E-05  7.403985E-03  3.880596E-03  2.163096E-03 -2.988067E-05  8.138274E-03 -5.464350E-04
  2.137974E-03  5.148772E-03  2.854829E-03  5.161526E-03  3.519205E-03  8.967747E-03 -2.312408E-04  5.055954E-03  3.041622E-03
 -5.613832E-04  8.502961E-03 -5.346590E-03 -6.038584E-03  6.529912E-03 -8.022169E-03  2.301075E-03  1.389085E-02 -4.608535E-03
  2.569829E-03  7.141559E-03 -7.116548E-03  6.325044E-03  7.653523E-03 -8.021067E-03  3.961343E-03  8.757597E-03 -5.503871E-03
  3.029390E-03  7.271683E-03  1.189542E-03  9.590231E-03  5.734666E-03 -8.907526E-04  3.192513E-03  1.032172E-02  6.088638E-03
 -2.016926E-04  4.209154E-03 -4.570465E-03  6.268737E-04  2.555845E-03 -6.258169E-03 -6.280790E-04  7.662734E-03 -3.401631E-03
  9.928982E-04  4.621825E-03 -1.779387E-03 -8.715171E-04  2.753621E-03 -3.082149E-03  2.656577E-03  8.995948E-03 -3.608407E-03
  7.206050E-03  7.069850E-03 -3.117013E-03  9.617434E-03  4.946328E-03 -2.121102E-03  6.768318E-03  6.904326E-03 -5.118085E-03
 -1.543431E-04  8.024401E-03 -2.398181E-03 -2.431311E-03  4.054847E-03  4.936690E-03  6.535712E-04  1.175985E-02 -3.467811E-03
  4.737966E-03  6.493083E-03 -2.235449E-03  4.812867E-03  1.024881E-02 -5.189172E-03  5.069047E-03  6.139582E-03  1.906759E-03
  2.683633E-03  7.382181E-03 -4.891672E-03 -8.424302E-04  9.670905E-03 -8.385834E-03  6.122377E-03  1.144748E-02 -3.589445E-03
 -2.061125E-03  5.326499E-03  2.620429E-03 -6.058108E-03  5.544715E-03  1.410433E-03 -1.367983E-04  1.011050E-02  6.893498E-03
 -2.716042E-03  4.598921E-03 -3.244942E-03 -5.370351E-03  2.126535E-03 -1.524968E-03 -5.664418E-03  3.230210E-03 -1.954378E-03
  1.636225E-04  3.814878E-03 -9.546818E-04 -3.691914E-03  3.471553E-03 -4.016844E-03  6.755639E-04  5.040446E-03  8.959661E-04
  2.018010E-04  6.144608E-03 -3.545971E-04  5.945216E-03  3.132540E-03  2.789485E-03 -2.439271E-03  8.751313E-03 -1.891339E-03
  1.895056E-03  6.128097E-03  2.418755E-03  4.902705E-03  4.735360E-03  7.918433E-03 -1.332829E-03  5.298712E-03  2.463074E-03
  2.129052E-04  7.556887E-03 -5.466439E-03 -5.455311E-03  6.349853E-03 -8.081946E-03  2.771320E-03  1.228288E-02 -4.461429E-03
  1.633097E-03  6.971756E-03 -7.461983E-03  4.333148E-03  7.299004E-03 -8.999247E-03  3.599985E-03  9.384174E-03 -6.030472E-03
  1.617345E-03  8.241692E-03  7.374944E-04  7.722391E-03  6.561050E-03 -7.854492E-04  3.053449E-03  1.207417E-02  6.252172E-03
 -5.200061E-04  5.176772E-03 -2.712551E-03 -4.516946E-04  2.996134E-03 -3.184173E-03 -9.459856E-05  8.687122E-03 -2.352116E-03
  4.337078E-05  5.747917E-03 -1.791029E-03 -3.162720E-03  5.142567E-03 -4.052526E-03  2.340110E-03  1.024266E-02 -2.482719E-03
  6.519848E-03  6.484941E-03 -1.010460E-04  9.116681E-03  4.434796E-03 -9.592106E-04  5.414748E-03  5.463700E-03 -1.597593E-03
  7.050473E-04  8.503586E-03 -1.970225E-03  1.304136E-03  3.945155E-03  6.016634E-03  1.068115E-03  1.347390E-02 -2.958978E-03
  6.541103E-03  7.400766E-03 -2.114587E-03  7.605425E-03  1.127658E-02 -5.012770E-03  6.630407E-03  5.597270E-03 -1.497718E-04
  2.350266E-03  6.557091E-03 -6.054540E-03 -6.947371E-04  8.944260E-03 -8.665816E-03  5.797455E-03  7.600572E-03 -3.927254E-03
 -2.103626E-03  3.051265E-03  3.154627E-03 -4.735767E-03  2.461134E-03  5.656799E-04 -1.406875E-03  8.213576E-03  6.920885E-03
 -3.320588E-03  5.822757E-03 -1.234049E-03 -4.178212E-03  2.060445E-03  1.160978E-03 -4.391239E-03  5.924833E-03 -6.014887E-04
 -9.588476E-04  2.462169E-03  9.043273E-04 -2.279036E-03  2.372865E-03 -3.296882E-03 -1.583909E-03  4.570397E-03  3.251672E-03
  8.573170E-04  4.453915E-03  3.175085E-04  8.401082E-03  1.458200E-03  1.558846E-03 -1.737225E-03  8.333393E-03  8.931567E-04
  2.382692E-03  5.408829E-03  1.059365E-03  7.949321E-03  2.715077E-03  7.280481E-03 -5.193829E-04  5.245010E-03  8.176751E-04
  7.114472E-04  7.234838E-03 -5.460536E-03 -4.165213E-03  6.983770E-03 -7.178611E-03  3.107527E-03  1.132113E-02 -4.601261E-03
  2.171899E-03  6.179161E-03 -5.966287E-03  5.133449E-03  6.491305E-03 -8.699356E-03  4.339284E-03  9.650471E-03 -2.689356E-03
  1.098781E-03  6.350757E-03  5.594140E-04  6.104991E-03  5.766842E-03 -3.866128E-03  2.691605E-03  1.042747E-02  5.605398E-03
 -7.782268E-04  6.987844E-03 -5.394256E-03 -2.751095E-03  6.683749E-03 -4.045051E-03  1.477466E-03  9.105034E-03 -6.907724E-03
  2.955350E-04  4.842266E-03 -3.908552E-04 -2.985663E-03  3.274491E-03 -1.919397E-03  2.911028E-03  1.018775E-02 -2.066109E-03
  4.426214E-03  6.436706E-03 -1.297032E-03  8.367461E-03  4.722666E-03 -3.217980E-03  2.813472E-03  5.120800E-03 -1.689686E-03
  1.659782E-03  9.899379E-03 -1.501738E-03 -1.329365E-03  5.645346E-03  4.981726E-03  2.302949E-03  1.514319E-02 -1.825749E-03
  4.709317E-03  9.767482E-03 -2.125812E-03  4.165257E-03  1.248595E-02 -3.400006E-03  5.566593E-03  9.189883E-03 -2.133134E-03
 -2.633339E-05  8.466645E-03 -6.556516E-03 -4.589224E-03  1.007921E-02 -7.204879E-03  3.396827E-03  9.571406E-03 -5.487633E-03
 -1.425954E-03  3.390473E-03  2.584310E-03 -3.079867E-03  2.959790E-03 -6.043396E-05 -6.954058E-04  8.455910E-03  6.075318E-03
 -3.999949E-03  5.844505E-03 -4.325913E-04 -4.855861E-03  2.821945E-03  9.760406E-04 -3.153870E-03  7.260018E-03 -1.315695E-03
 -1.240187E-04  3.119272E-03 -6.456222E-04  9.066222E-04  3.581319E-03 -4.565302E-03 -6.572693E-04  5.240811E-03  4.720181E-04
  2.497328E-03  1.918597E-03 -8.545644E-04  1.160714E-02 -1.857500E-03 -1.768651E-03 -6.599206E-04  5.485609E-03  1.256207E-03
  2.271292E-03  4.972146E-03 -4.746173E-04  5.446219E-03  2.420735E-03  5.740947E-03  2.953879E-05  5.927100E-03 -1.138452E-03
 -2.918126E-04  8.144792E-03 -4.524971E-03 -4.104034E-03  7.801509E-03 -6.149338E-03  2.793838E-03  1.194792E-02 -3.601373E-03
  1.003460E-03  3.947388E-03 -3.059807E-03  5.138146E-03  4.645090E-03 -7.162203E-03  2.300133E-03  7.950086E-03  2.056803E-03
  1.652913E-03  5.439137E-03 -1.844949E-03  6.288758E-03  2.604995E-03 -9.174841E-04 -3.134876E-04  8.313000E-03  4.973903E-03
 -8.758273E-04  8.924527E-03 -7.099035E-03 -4.751023E-03  9.874118E-03 -7.150499E-03  1.808270E-03  1.094358E-02 -8.189933E-03
  1.185887E-03  4.639327E-03 -9.912916E-04 -3.115716E-03  4.017233E-03 -2.803338E-03  4.176725E-03  8.447573E-03 -2.749595E-03
  3.365960E-03  6.108234E-03 -1.905970E-03  7.379633E-03  5.229791E-03 -3.780715E-03  3.071228E-03  4.610132E-03 -3.557228E-03
  1.422457E-03  8.274358E-03 -3.590595E-03  4.201386E-03  3.589167E-03  3.057581E-03  2.074773E-03  1.358893E-02 -3.750784E-03
  1.354709E-03  1.058809E-02 -2.239108E-03 -6.908625E-04  1.167579E-02 -2.229282E-03  2.979385E-03  1.242232E-02 -3.106061E-03
 -2.384440E-03  1.031964E-02 -5.610142E-03 -7.635239E-03  1.110247E-02 -4.641895E-03  1.490577E-03  1.392530E-02 -5.955783E-03
 -8.624717E-04  4.529486E-03  1.756747E-03 -2.353544E-03  4.469706E-03 -4.919697E-04  2.028117E-05  8.721219E-03  5.961867E-03
 -2.621430E-03  6.668052E-03 -1.230509E-03 -4.779501E-03  3.551770E-03  5.060554E-04 -1.298622E-03  8.766734E-03 -1.594701E-03
  2.109482E-03  3.415106E-03 -3.522523E-03  8.528926E-04  4.328021E-03 -7.686579E-03  2.493921E-03  4.043504E-03 -3.347444E-03
  4.799636E-03  2.486864E-03 -2.103443E-04  1.326401E-02 -1.597434E-03 -6.002690E-04  1.302327E-03  4.867414E-03  1.989808E-03
  2.691786E-03  3.632701E-03  2.995868E-04  4.052069E-03  2.481658E-03  6.297936E-03  6.391466E-04  4.062106E-03 -6.690496E-04
 -7.192204E-04  8.143998E-03 -3.192176E-03 -3.563232E-03  7.508086E-03 -5.367720E-03  2.508189E-03  1.280388E-02 -1.312562E-03
  9.343205E-04  1.870941E-03 -9.571719E-04  6.611316E-03  3.168414E-03 -2.596556E-03 -2.636175E-04  6.259723E-03  5.071023E-03
  1.769718E-03  5.162646E-03 -3.513819E-03  6.529447E-03  4.533576E-03 -2.797016E-03  7.356515E-04  7.382588E-03  3.788250E-03
  5.737460E-04  8.742371E-03 -8.828705E-03 -3.400228E-03  1.084966E-02 -1.107620E-02  2.120833E-03  9.527437E-03 -9.025591E-03
  1.682246E-03  4.565686E-03 -3.265943E-03 -2.165350E-03  4.405856E-03 -4.339336E-03  3.860687E-03  7.794909E-03 -3.940145E-03
  5.786694E-03  7.667786E-03 -3.068356E-03  9.992429E-03  6.569009E-03 -4.910560E-03  5.395033E-03  7.144560E-03 -4.571325E-03
  7.062988E-04  7.601097E-03 -3.177177E-03  2.387690E-03  2.701140E-03  2.115811E-03  1.649241E-03  1.241112E-02 -2.722102E-03
  1.632487E-03  9.032244E-03 -8.664968E-04 -8.394693E-04  9.765255E-03 -1.884051E-03  3.815300E-03  1.170432E-02 -1.497528E-03
 -2.866187E-04  9.214366E-03 -3.574758E-03 -5.173845E-03  1.094392E-02 -4.619691E-03  4.417112E-03  1.301975E-02 -2.251649E-03
 -2.771734E-04  5.308730E-03  1.718536E-03 -3.227762E-03  6.352910E-03  3.163183E-04  1.867624E-03  9.024011E-03  6.337941E-03
 -2.408791E-03  6.518868E-03 -2.846876E-03 -4.180697E-03  3.877539E-03 -1.316112E-03 -1.860829E-03  8.526934E-03 -1.305885E-03
  3.902340E-03  3.004489E-03 -3.002104E-03  4.628676E-04  4.107834E-03 -9.469029E-03  5.105570E-03  3.910061E-03 -1.990902E-03
  5.159849E-03  5.505744E-03 -3.016744E-04  1.130458E-02  2.278043E-03  5.714412E-04  1.955109E-03  7.907810E-03  7.734988E-04
  2.464155E-03  5.128182E-03  1.111392E-03  6.294533E-03  2.087727E-03  7.501802E-03 -1.084058E-04  5.664680E-03  7.212795E-04
  1.404409E-03  6.935940E-03 -6.115223E-03 -1.202995E-03  8.171353E-03 -8.901799E-03  4.093640E-03  9.830692E-03 -2.715980E-03
  1.723412E-03  2.818274E-03 -7.035495E-04  7.370226E-03  4.034887E-03 -1.663035E-03  1.078898E-04  6.747031E-03  5.699826E-03
  5.229897E-05  5.615935E-03 -1.500508E-03  5.256667E-03  5.929204E-03 -4.514107E-03  3.740560E-03  1.025395E-02  4.456813E-03
  2.072349E-03  9.150600E-03 -8.187190E-03 -1.804962E-03  1.248328E-02 -1.098322E-02  3.397306E-03  7.433086E-03 -8.101245E-03
  3.916621E-04  4.509235E-03 -2.262939E-03 -3.107744E-03  4.976335E-03 -2.664402E-03  2.372678E-03  7.197716E-03 -2.500787E-03
  7.290600E-03  7.202537E-03 -2.140130E-03  1.121517E-02  7.537233E-03 -2.867469E-03  5.600991E-03  5.233805E-03 -2.582404E-03
  2.334132E-03  7.943265E-03 -1.712933E-03  4.114356E-03  3.158911E-03  4.244957E-03  3.451374E-03  1.206318E-02 -1.999068E-03
  3.056504E-03  8.872618E-03 -1.604911E-03  4.289933E-04  1.016564E-02 -5.403781E-03  4.119530E-03  1.154860E-02 -1.692230E-03
  1.183866E-03  6.702740E-03 -4.678981E-03 -2.588094E-03  8.559468E-03 -8.581873E-03  4.521428E-03  1.041059E-02 -1.776363E-03
 -1.464148E-03  3.844527E-03  1.831553E-03 -5.348668E-03  3.767209E-03  3.277725E-04 -7.018309E-04  8.680067E-03  6.524705E-03
 -1.406938E-03  5.620021E-03 -6.350841E-03 -5.921016E-03  2.239008E-03 -8.494031E-03 -3.752000E-03  8.546620E-03 -4.015748E-03
  8.718118E-04  2.364814E-03  6.143238E-05 -2.042864E-03  3.133499E-03 -4.878064E-03  2.312152E-03  5.197129E-03  2.184155E-03
  3.321330E-03  5.044943E-03 -3.286140E-03  9.282748E-03  5.968837E-04  5.505621E-04  4.136288E-04  9.534606E-03 -2.972912E-03
  1.735131E-03  6.109681E-03  2.802239E-03  5.108981E-03  3.436724E-03  9.370020E-03 -1.550776E-05  6.005688E-03  1.283770E-03
  3.862599E-03  5.089134E-03 -6.937828E-03  4.059300E-03  7.293877E-03 -1.195322E-02  4.154846E-03  6.368946E-03 -1.611487E-03
  1.514506E-03  3.272926E-03 -2.292710E-03  5.295998E-03  4.803739E-03 -3.744189E-03  2.503993E-03  7.073192E-03  3.213329E-03
 -1.930799E-03  6.648653E-03  1.762529E-03  2.993248E-03  4.100355E-03  3.587773E-03  1.438782E-03  1.464601E-02  6.726833E-03
  2.771750E-03  8.053752E-03 -8.060057E-03 -7.632783E-04  1.071266E-02 -1.088896E-02  3.609577E-03  6.484851E-03 -7.308876E-03
 -3.619584E-05  5.862723E-03 -7.989593E-04 -4.011301E-03  7.225748E-03 -1.562923E-03  2.549049E-03  8.124095E-03 -1.860966E-03
  7.692466E-03  7.230889E-03 -2.870976E-03  1.103041E-02  7.287111E-03 -5.374342E-03  4.922419E-03  4.944514E-03 -2.586818E-03
  4.286259E-04  9.274533E-03 -3.230166E-05  7.908347E-04  3.320310E-03  5.937783E-03  1.765361E-03  1.295201E-02 -1.605590E-03
  5.758382E-03  9.149115E-03 -3.613094E-03  4.738821E-03  1.168398E-02 -8.849870E-03  6.426347E-03  1.073828E-02 -2.896028E-03
 -9.079344E-04  5.116696E-03 -1.934533E-03 -5.127165E-03  5.836430E-03 -4.285761E-03  1.755279E-03  9.707631E-03 -5.610769E-04
 -3.245685E-03  3.927524E-03  3.746202E-03 -7.120616E-03  3.790134E-03  4.906412E-04 -2.778236E-03  9.345001E-03  8.613807E-03
 -2.572671E-03  3.101893E-03 -6.280414E-03 -4.017850E-03 -8.878317E-04 -4.673946E-03 -5.613243E-03  5.734622E-03 -3.897071E-03
  2.828262E-04  3.768851E-03  1.179763E-03 -4.269169E-03  4.206744E-03 -2.252759E-03  2.150019E-03  6.704813E-03  2.310329E-03
  1.807629E-03  3.584148E-03 -3.919279E-04  7.077293E-03 -8.922861E-05  4.775102E-03 -9.272388E-04  7.806636E-03 -6.731732E-04
  1.905270E-03  5.969281E-03  2.106796E-03  6.000005E-03  2.167762E-03  8.680374E-03  6.160192E-04  7.159094E-03 -4.802997E-04
  1.748704E-03  5.581368E-03 -8.590621E-03  1.564142E-03  8.041719E-03 -1.319581E-02  1.712214E-03  6.792536E-03 -2.752607E-03
  4.064238E-05  5.304258E-03 -2.296211E-03  2.996482E-03  5.828316E-03 -1.719562E-03  2.010494E-03  8.839288E-03  1.522049E-03
 -2.505692E-03  7.257460E-03  3.979951E-03  2.500482E-03  1.863640E-03  6.673621E-03 -6.040934E-05  1.693679E-02  5.526351E-03
  1.720294E-03  4.983245E-03 -7.589542E-03 -1.560716E-03  5.286234E-03 -1.169097E-02  1.622778E-03  5.740169E-03 -6.167422E-03
 -8.436663E-04  6.089028E-03 -2.800120E-03 -4.992318E-03  6.786516E-03 -1.529988E-03  1.596464E-03  7.691764E-03 -4.105077E-03
  5.826801E-03  8.124664E-03 -4.647772E-03  6.768184E-03  8.025378E-03 -5.422770E-03  3.611495E-03  6.730585E-03 -4.893048E-03
  5.505454E-04  8.330526E-03 -1.644184E-03  5.710367E-04  3.265401E-03  5.278339E-03  1.085249E-03  1.292378E-02 -3.445784E-03
  7.772186E-03  8.186422E-03 -4.735427E-03  7.325575E-03  1.183395E-02 -8.726764E-03  8.663390E-03  8.841145E-03 -3.620530E-03
 -2.408277E-03  6.419491E-03 -5.857510E-04 -6.525437E-03  7.289923E-03 -2.048712E-03 -1.842366E-05  1.172632E-02 -8.089740E-04
 -1.738382E-03  4.534644E-03  4.192203E-03 -5.168367E-03  6.263084E-03  1.062763E-03 -7.802450E-04  8.654965E-03  8.366786E-03
 -1.606691E-03  4.257493E-03 -4.434879E-03 -4.073964E-03  1.243381E-03 -3.045600E-03 -4.096590E-03  5.561847E-03 -2.949214E-03
  5.107145E-04  6.229422E-03 -5.502412E-04 -3.945232E-03  5.583471E-03 -1.912753E-03  1.677887E-03  8.148461E-03 -1.343435E-03
  8.283980E-04  2.404614E-03  3.373138E-03  6.101793E-03 -1.286289E-03  7.897472E-03 -1.114544E-03  5.812040E-03  2.489019E-03
  1.590509E-03  5.786408E-03  9.026729E-04  5.246550E-03  1.199341E-03  5.918114E-03  9.264251E-05  6.627630E-03 -1.224757E-03
 -2.251468E-03  5.769583E-03 -8.009968E-03 -3.957792E-03  7.835322E-03 -1.116422E-02 -2.222360E-04  8.605494E-03 -2.597428E-03
 -1.153405E-03  5.370805E-03 -1.286646E-03  1.966271E-03  6.069705E-03 -3.163225E-04  1.260002E-03  1.007969E-02  6.724232E-04
  1.175222E-03  6.375031E-03  1.768281E-03  7.663639E-03  2.969175E-03  1.329028E-03  2.279612E-03  1.523436E-02  4.995939E-03
  1.560987E-03  4.263689E-03 -9.394687E-03 -1.617902E-03  4.305759E-03 -1.321708E-02  9.953078E-04  6.468562E-03 -6.726209E-03
 -1.263270E-03  3.886375E-03 -2.946250E-03 -5.935666E-03  4.716278E-03 -1.503783E-03  1.586077E-04  4.711348E-03 -4.774608E-03
  7.101681E-03  9.757457E-03 -3.787212E-03  7.019170E-03  1.091628E-02 -5.839538E-03  5.684076E-03  9.044690E-03 -5.725765E-03
  1.339919E-03  7.082921E-03 -1.950225E-03  3.543512E-03  2.592850E-03  4.924815E-03  1.634159E-03  9.458939E-03 -4.292859E-03
  7.897740E-03  7.792312E-03 -5.507378E-03  4.977117E-03  1.109454E-02 -7.899841E-03  9.958754E-03  7.510519E-03 -5.201383E-03
 -1.510983E-03  6.888860E-03 -2.444418E-03 -5.488429E-03  8.620895E-03 -4.227856E-03  2.126794E-03  1.182401E-02 -2.126585E-03
 -4.737962E-04  4.167946E-03  3.646285E-03 -3.026190E-03  5.357803E-03 -8.811554E-05  1.684290E-04  7.734406E-03  6.911344E-03
 -3.113118E-03  5.152600E-03 -2.729889E-03 -4.407628E-03  2.413396E-03 -2.737323E-04 -3.897252E-03  6.247392E-03 -1.840410E-03
  7.015402E-05  5.062876E-03 -3.923081E-04 -3.065935E-03  4.665838E-03 -2.909501E-03  2.361055E-04  6.697047E-03 -1.062537E-03
  1.043746E-03  3.968375E-03  5.023025E-03  4.326788E-03  7.741761E-04  1.021815E-02  1.378357E-03  6.190357E-03  1.807695E-03
  2.034516E-03  5.974838E-03 -9.738589E-04  4.948436E-03  5.939612E-04  3.064735E-03 -3.189922E-05  7.374090E-03 -1.600667E-03
 -1.509564E-03  5.526891E-03 -7.744144E-03 -4.130594E-03  6.236399E-03 -1.068097E-02  1.446948E-04  1.029702E-02 -2.700961E-03
 -5.373909E-04  3.998235E-03 -7.665182E-04  3.074135E-03  4.739673E-03 -1.213794E-03  1.117211E-03  9.279290E-03  1.934901E-03
  3.000814E-03  6.584369E-03 -2.313003E-03  8.788487E-03  7.324495E-03 -2.954643E-03  2.914649E-03  9.692711E-03  4.057876E-03
  2.326994E-03  6.198872E-03 -1.136607E-02 -1.670571E-03  7.377949E-03 -1.456887E-02  1.622397E-03  7.331445E-03 -8.696676E-03
 -5.733499E-04  4.534872E-03 -3.335755E-03 -5.255336E-03  5.086694E-03 -3.041056E-03  8.549474E-04  5.820845E-03 -4.753497E-03
  8.378865E-03  8.256959E-03 -4.095598E-03  9.537296E-03  8.863058E-03 -4.485474E-03  7.164888E-03  7.812503E-03 -5.461461E-03
  3.906147E-03  7.217978E-03 -1.634254E-03  2.246838E-03  5.254469E-03  4.846083E-03  4.736895E-03  9.592394E-03 -2.790987E-03
  7.208964E-03  7.348393E-03 -2.873010E-03  4.476892E-03  1.104049E-02 -6.412939E-03  1.042634E-02  6.165307E-03 -2.588752E-03
 -9.278065E-04  5.962842E-03 -5.913672E-03 -5.557296E-03  7.553098E-03 -7.762601E-03  2.267579E-03  9.961991E-03 -4.720473E-03
 -2.500090E-04  3.281991E-03  3.543886E-03 -2.192099E-03  4.299338E-03 -4.738120E-04  2.356804E-04  7.923611E-03  7.499278E-03
 -5.248158E-03  3.533368E-03 -1.802074E-03 -4.363977E-03 -3.077586E-04  2.467121E-03 -7.285296E-03  5.673540E-03 -7.620940E-04
 -2.055041E-04  2.570881E-03 -3.172561E-04 -5.724534E-04  3.363189E-03 -6.009096E-03  6.089704E-04  4.487369E-03  4.109915E-04
  1.313578E-03  6.209442E-03  3.195290E-03  8.302757E-04  4.715227E-03  9.570205E-03  2.709642E-03  7.488576E-03 -5.661198E-04
  1.449805E-03  7.417696E-03  1.586285E-03  4.491849E-03  2.820249E-03  5.330630E-03 -2.945487E-04  8.356254E-03  7.720604E-04
  1.060462E-04  3.650238E-03 -6.184793E-03 -1.841032E-03  4.902384E-03 -1.106000E-02  1.386650E-03  7.506655E-03 -6.376345E-04
  2.496452E-04  3.523534E-03 -9.603696E-04  4.893913E-03  3.787172E-03 -1.734950E-03  1.517436E-03  8.301714E-03  3.399746E-03
  2.127707E-03  7.319746E-03 -3.447513E-03  7.433829E-03  1.034217E-02 -3.527032E-03  2.633238E-03  7.653665E-03  1.983894E-03
  4.338392E-03  7.643100E-03 -1.250091E-02 -1.422182E-04  1.067363E-02 -1.561874E-02  3.996809E-03  6.637052E-03 -1.047350E-02
 -1.580046E-03  6.632338E-03 -3.944236E-03 -6.208700E-03  6.587728E-03 -4.438328E-03  7.970496E-04  8.424799E-03 -5.662958E-03
  6.081436E-03  5.826654E-03 -6.858314E-03  9.253209E-03  3.445138E-03 -9.817159E-03  4.071248E-03  6.847772E-03 -6.236733E-03
  3.532141E-03  6.736771E-03 -1.535156E-03  1.258032E-03  5.173947E-03  3.997985E-03  3.847303E-03  8.704058E-03 -1.458312E-03
  5.353944E-03  7.532771E-03 -1.161775E-03  4.555134E-04  8.315848E-03 -5.048496E-03  8.410477E-03  7.538479E-03  4.097400E-04
 -2.165042E-03  5.316024E-03 -7.470023E-03 -7.617249E-03  6.585082E-03 -8.206506E-03  1.353296E-03  7.873072E-03 -6.705050E-03
  2.181570E-04  4.102459E-03  3.376016E-03 -2.639808E-03  4.361902E-03  3.032810E-04  1.343370E-03  9.695205E-03  6.004635E-03
 -5.074440E-03  1.706884E-03 -3.183917E-03 -5.123642E-03 -4.177030E-03  1.602242E-03 -8.971933E-03  4.311661E-03 -2.657900E-03
  4.207742E-04  1.374656E-03 -1.821575E-03 -2.935241E-03  2.863356E-03 -5.452239E-03  3.030341E-03  2.755374E-03 -1.023807E-03
  1.566793E-03  6.663161E-03 -6.812267E-04  9.178080E-05  5.202916E-03  4.292556E-03  2.230664E-03  8.208389E-03 -2.803748E-03
  1.697615E-03  7.980992E-03  3.539042E-03  4.281181E-03  4.297520E-03  8.527188E-03  1.216270E-03  9.178622E-03  1.169682E-03
  3.825485E-03  3.876717E-03 -7.367568E-03  4.416970E-03  7.652779E-03 -1.405020E-02  3.726789E-03  4.932421E-03 -2.746415E-04
 -1.000881E-03  3.371005E-03 -1.768974E-03  5.431707E-04  4.237906E-03 -4.571563E-03  5.006881E-04  8.355447E-03  2.738641E-03
  2.510002E-03  8.437805E-03 -3.070250E-03  6.992936E-03  9.933544E-03 -5.198370E-04  2.977509E-03  9.836127E-03  2.084334E-03
  3.684835E-03  7.415838E-03 -1.368303E-02 -6.004356E-04  1.003223E-02 -1.721360E-02  3.316703E-03  6.366392E-03 -1.178929E-02
 -1.415851E-03  6.270878E-03 -4.029195E-03 -4.683150E-03  6.806262E-03 -5.505687E-03  1.584915E-03  8.409192E-03 -5.562366E-03
  7.423883E-03  5.196441E-03 -4.344055E-03  1.236492E-02  5.103775E-03 -6.319441E-03  4.132105E-03  5.976924E-03 -3.476348E-03
  7.718265E-05  5.554654E-03 -3.322400E-04  1.126619E-03  1.845125E-03  5.948003E-03  6.856529E-04  8.200419E-03  4.096785E-04
 -1.507444E-04  6.211978E-03 -1.232972E-03 -7.229188E-03  4.963657E-03 -3.348653E-03  2.830642E-03  1.163216E-02  5.778148E-05
 -4.300928E-03  5.904874E-03 -5.659047E-03 -9.608987E-03  7.311182E-03 -5.977167E-03 -8.816780E-04  8.343778E-03 -6.134497E-03
  3.675444E-04  6.054059E-03  2.451076E-03 -3.219063E-03  8.070415E-03 -2.339442E-04  2.608565E-03  1.095264E-02  2.773649E-03
 -3.896125E-03  3.463040E-03 -3.530490E-03 -1.366652E-03 -1.231376E-03  2.063289E-03 -5.433295E-03  4.918465E-03 -2.844418E-03
  1.965991E-03  3.699609E-03 -2.261310E-03 -2.173335E-03  4.631203E-03 -3.826773E-03  4.698789E-03  4.951673E-03 -3.043683E-03
  9.019695E-04  5.300332E-03 -5.390109E-04  6.567385E-04  2.955374E-03  3.654743E-03  1.484034E-04  7.723071E-03 -1.349757E-03
  2.489564E-03  9.134926E-03  1.607362E-03  6.465037E-03  4.475366E-03  6.868593E-03  2.288006E-03  1.081414E-02 -1.727420E-03
  3.912843E-03  5.137811E-03 -8.867497E-03  2.891494E-03  1.063624E-02 -1.461218E-02  4.930219E-03  4.339667E-03 -1.656965E-03
 -1.805708E-04  4.526046E-03 -1.811017E-03  1.117490E-03  5.263986E-03 -3.622230E-03  1.575393E-03  8.890566E-03  2.897165E-03
  3.654112E-03  8.400620E-03 -2.937363E-03  8.410029E-03  9.255447E-03 -2.777292E-03  5.686378E-03  1.240017E-02  9.951133E-04
  9.506327E-04  5.609645E-03 -1.235581E-02 -3.722823E-03  6.397988E-03 -1.500034E-02  8.737380E-05  5.502789E-03 -1.087284E-02
 -1.426608E-03  4.148319E-03 -2.572374E-03 -3.509151E-03  3.827696E-03 -4.401093E-03  4.512764E-04  6.810915E-03 -2.856647E-03
  6.501829E-03  5.982583E-03 -4.123403E-03  1.126265E-02  5.896159E-03 -5.172115E-03  2.997694E-03  6.886162E-03 -3.855829E-03
 -2.325377E-03  5.884184E-03  1.803638E-03 -4.587332E-03  1.893297E-03  6.353126E-03 -7.208389E-04  9.717333E-03  3.150082E-03
 -1.434968E-03  5.321923E-03 -2.518870E-03 -5.146712E-03  3.940493E-03 -5.795822E-03 -1.466691E-03  1.426905E-02 -1.537843E-03
 -1.467209E-03  6.461610E-03 -3.845738E-03 -5.296495E-03  8.602015E-03 -4.774524E-03  2.544212E-03  9.824709E-03 -4.875177E-03
  1.665277E-03  5.500704E-03  4.605735E-05 -2.207958E-03  6.248288E-03 -3.836792E-03  3.849876E-03  9.540968E-03 -1.255271E-04
 -1.245728E-03  5.721905E-03 -3.636494E-03 -5.110708E-03  4.692637E-03  1.006496E-04 -8.783448E-04  5.573092E-03 -3.970941E-03
  2.993155E-03  4.323783E-03 -4.250834E-03 -3.620714E-04  4.701816E-03 -7.755310E-03  5.780324E-03  5.148184E-03 -5.092564E-03
  2.035263E-03  4.152485E-03  2.005478E-03  3.956492E-03  3.020609E-04  5.764917E-03 -1.331774E-05  6.225718E-03  1.850889E-03
  2.694685E-03  8.084102E-03  9.905036E-05  5.216801E-03  4.889629E-03  5.866205E-03  2.040674E-03  8.577516E-03 -2.734287E-03
  5.015984E-03  5.205032E-03 -8.297823E-03  5.770163E-03  1.150848E-02 -1.543991E-02  3.873166E-03  4.253620E-03 -1.067129E-03
 -2.665184E-04  3.082689E-03 -3.381530E-03  2.130401E-03  4.585167E-03 -4.396991E-03  2.577202E-03  7.016781E-03  1.255269E-03
  4.064755E-03  8.452637E-03 -3.911138E-03  8.979360E-03  8.275378E-03 -4.878745E-03  6.303516E-03  1.424521E-02 -1.955294E-03
  5.079471E-04  5.022388E-03 -1.029049E-02 -3.202231E-03  5.199571E-03 -1.336500E-02 -4.996068E-05  7.013418E-03 -9.202237E-03
 -2.593670E-04  2.726367E-03 -3.671226E-03 -2.433524E-03  2.791647E-03 -5.839946E-03  9.508963E-04  6.502580E-03 -1.426412E-03
  4.749022E-03  7.332235E-03 -4.662165E-03  7.768914E-03  6.879031E-03 -3.833805E-03  2.775309E-03  8.452389E-03 -5.217296E-03
  2.704831E-04  6.883339E-03  4.301505E-04 -2.755049E-04  3.661693E-03  6.287859E-03  2.221264E-03  1.114673E-02  6.410779E-04
  3.992916E-03  4.039109E-03 -4.890266E-03  2.852607E-03  4.853875E-03 -8.825539E-03  1.873496E-03  1.158477E-02 -4.823353E-03
  1.780313E-03  6.457865E-03 -2.102829E-03 -2.336345E-03  7.430322E-03 -3.652652E-03  5.322439E-03  1.080427E-02 -4.075015E-03
  1.880114E-03  4.150746E-03  1.121463E-05 -1.160792E-03  3.430087E-03 -5.131855E-03  3.492889E-03  8.257662E-03 -7.116057E-05
 -2.515852E-03  5.508281E-03 -1.832296E-03 -6.563219E-03  1.740252E-03  1.000002E-03 -2.856769E-03  7.566032E-03 -2.775577E-03
  1.291600E-03  3.098393E-03 -4.664157E-03 -4.003579E-03  2.983683E-03 -8.233967E-03  4.945867E-03  3.997403E-03 -5.258043E-03
  2.932436E-03  5.940513E-03  2.035981E-03  5.120397E-03  3.132434E-03  6.461258E-03  1.330178E-03  7.478844E-03  2.974479E-04
  1.404399E-03  6.774010E-03 -6.871871E-05  4.294649E-03  4.240608E-03  5.617710E-03 -4.612540E-04  6.635869E-03 -2.237751E-03
  4.337070E-03  4.618111E-03 -7.784013E-03  7.436888E-03  9.452995E-03 -1.552947E-02  6.299179E-04  4.442178E-03 -6.456179E-04
 -1.241196E-03  2.081521E-03 -4.443781E-03  1.854938E-03  3.946841E-03 -5.014589E-03  1.421545E-03  4.889607E-03  3.181170E-06
  4.833209E-03  8.135689E-03 -1.729273E-03  7.390617E-03  7.845922E-03  7.063851E-05  5.938796E-03  1.272383E-02  4.034096E-04
  2.363173E-03  5.294559E-03 -7.042340E-03  3.253609E-04  5.363024E-03 -1.077924E-02  2.492178E-03  8.509599E-03 -6.510113E-03
 -3.350948E-05  2.941659E-03 -4.400486E-03 -3.124986E-03  3.673318E-03 -7.038723E-03  2.581895E-03  6.588085E-03 -1.889373E-03
  3.604382E-03  7.085650E-03 -3.266296E-03  4.294169E-03  7.297462E-03 -3.182838E-03  2.802248E-03  6.635426E-03 -4.256178E-03
  2.136242E-03  7.222219E-03 -1.020714E-03 -1.855175E-04  4.429163E-03  3.401825E-03  2.182115E-03  1.147024E-02 -3.901946E-04
  8.395210E-03  4.791458E-03 -5.164762E-03  8.177511E-03  6.023383E-03 -8.969896E-03  5.664391E-03  9.054157E-03 -5.816658E-03
  2.493817E-03  6.661961E-03 -3.846013E-03 -1.412116E-03  7.975606E-03 -5.917325E-03  5.191518E-03  1.022202E-02 -5.022539E-03
  2.257679E-03  4.962551E-03 -4.624477E-04 -1.171250E-03  4.942821E-03 -5.282399E-03  4.334036E-03  9.310189E-03 -1.445355E-03
 -1.514257E-03  4.040832E-03 -1.019567E-03  1.619127E-04 -2.323185E-03  3.209917E-03 -3.007199E-03  7.768635E-03 -2.055595E-03
  1.249633E-03  3.390454E-03 -1.125711E-03 -4.266545E-03  3.598548E-03 -2.238642E-03  4.909333E-03  5.242408E-03 -3.638505E-03
  3.015158E-03  7.324690E-03  2.435234E-04  3.530781E-03  5.395843E-03  6.976470E-03  3.209911E-03  9.724329E-03 -2.898645E-03
 -3.549180E-04  6.163721E-03  1.741518E-03  4.368131E-03  2.592193E-03  6.929834E-03 -2.089265E-03  7.329822E-03  2.033540E-04
 -1.586083E-03  3.617880E-03 -6.995718E-03 -4.407635E-03  6.713725E-03 -1.104600E-02 -2.070311E-03  3.907455E-03 -2.721472E-04
 -1.092434E-04  2.494596E-03 -5.006585E-03  1.883275E-03  4.553423E-03 -5.260411E-03  2.161816E-03  4.783091E-03  4.986917E-04
  3.260085E-03  7.501122E-03 -3.836895E-03  6.303500E-03  7.948081E-03 -4.962055E-03  3.682529E-03  1.109956E-02 -1.605763E-03
  3.618807E-04  6.097274E-03 -8.181102E-03 -2.214662E-03  6.708535E-03 -1.137700E-02  9.705187E-04  1.046752E-02 -6.021992E-03
 -9.447759E-05  5.093182E-03 -6.537299E-03 -4.622359E-03  7.211893E-03 -8.551453E-03  3.653015E-03  7.178912E-03 -5.456069E-03
  4.529230E-03  6.696779E-03 -3.224576E-03  4.592022E-03  7.861822E-03 -2.805089E-03  3.992474E-03  6.568200E-03 -3.996579E-03
  1.724130E-03  5.429899E-03 -3.214595E-03 -1.021941E-03  1.805196E-03  9.120471E-05  1.006665E-03  9.923609E-03 -1.888242E-03
  6.110583E-03  6.284149E-03 -7.188103E-03  4.491874E-03  7.164066E-03 -8.365646E-03  3.452200E-03  8.778906E-03 -8.303407E-03
 -6.613130E-04  6.849745E-03 -5.971756E-03 -4.014023E-03  8.682191E-03 -8.615553E-03  1.881984E-03  9.037415E-03 -6.395741E-03
  2.257702E-03  7.689562E-03 -4.676939E-04 -8.978320E-04  7.957708E-03 -4.147745E-03  4.752789E-03  1.171934E-02 -2.456931E-03
 -1.151252E-03  4.421444E-03 -8.069483E-04 -2.005352E-03 -1.397244E-03  4.218258E-03 -2.037250E-03  8.497359E-03 -1.662698E-03
  1.394706E-03  3.448000E-03  2.540269E-04 -2.174109E-03  3.473894E-03 -1.924222E-03  4.562373E-03  5.776984E-03 -1.795436E-03
 -5.457708E-04  5.939865E-03  1.386957E-04 -1.915592E-03  3.701662E-03  7.672989E-03  6.563306E-04  8.978131E-03 -3.367197E-03
  8.994635E-04  7.090268E-03  2.263066E-03  5.991659E-03  3.941155E-03  7.683179E-03  2.440871E-04  8.821180E-03  3.448080E-04
  1.925106E-03  3.153061E-03 -5.458285E-03 -3.015152E-04  7.148328E-03 -1.033959E-02  1.681956E-03  2.460118E-03  1.201011E-03
  6.508285E-04  3.436398E-03 -4.402561E-03  7.661670E-04  5.902415E-03 -6.551420E-03  3.455962E-03  5.738120E-03  2.239569E-04
  2.668463E-03  6.357503E-03 -6.972042E-03  3.290078E-03  8.276568E-03 -1.007607E-02  3.891578E-03  8.544820E-03 -3.787418E-03
 -2.396402E-03  6.795433E-03 -8.642189E-03 -6.340140E-03  8.105841E-03 -1.131343E-02 -9.127753E-04  1.102959E-02 -5.609220E-03
  3.755916E-04  6.691432E-03 -7.349384E-03 -4.766057E-03  1.047937E-02 -8.796942E-03  4.808497E-03  5.821841E-03 -6.996630E-03
  5.537842E-03  7.521321E-03 -4.929091E-03  7.063825E-03  6.974844E-03 -7.387361E-03  4.578213E-03  8.281555E-03 -5.381627E-03
  1.720025E-04  4.807264E-03 -2.082394E-03 -2.243936E-03  1.031918E-03  2.860616E-03  6.398742E-04  9.166085E-03 -6.382190E-04
  1.917985E-03  8.671800E-03 -4.974333E-03  7.229369E-04  9.997485E-03 -4.863242E-03  5.556566E-04  1.018017E-02 -6.473643E-03
 -9.049270E-04  6.955096E-03 -7.212671E-03 -4.683505E-03  9.633615E-03 -9.295029E-03  8.939529E-04  7.849016E-03 -7.746567E-03
  2.208910E-03  7.854000E-03  1.377286E-04 -1.281771E-03  8.078056E-03 -3.380478E-03  4.247564E-03  1.331036E-02 -6.863936E-04
 -1.460430E-03  6.008910E-03  1.606231E-04 -6.708819E-04  1.277166E-03  5.538569E-03 -1.318129E-03  9.662550E-03 -9.538491E-04
  2.409084E-03  3.111277E-03 -8.205728E-04  2.133731E-03  3.320259E-03 -6.525288E-03  3.857675E-03  5.296823E-03 -1.698387E-03
 -2.697504E-03  4.961360E-03  9.619964E-04 -3.949053E-03  2.162626E-03  9.235078E-03 -7.873095E-04  8.558846E-03 -2.080158E-03
  2.263916E-03  7.624953E-03  1.601208E-03  6.693497E-03  4.859684E-03  7.792156E-03  1.651583E-03  7.885206E-03 -5.259835E-04
  5.824959E-03  2.857040E-03 -5.431449E-03  4.767001E-03  7.586721E-03 -1.167825E-02  6.307925E-03  2.236358E-03  1.623166E-03
  1.026805E-03  3.868992E-03 -4.238275E-03  1.851053E-03  5.698480E-03 -5.519141E-03  3.078730E-03  6.898142E-03 -2.841490E-04
  3.760529E-03  7.527988E-03 -7.776037E-03  5.497310E-03  9.569236E-03 -1.023699E-02  4.856356E-03  9.647964E-03 -3.631409E-03
 -1.911738E-03  6.970318E-03 -8.188072E-03 -5.813108E-03  8.012328E-03 -1.082658E-02  2.884661E-05  1.096389E-02 -5.823098E-03
 -5.772080E-04  6.625133E-03 -8.263592E-03 -7.119986E-03  9.268659E-03 -7.262997E-03  3.072377E-03  4.741321E-03 -7.442314E-03
  6.143273E-03  7.882189E-03 -4.963793E-03  8.414694E-03  7.119324E-03 -6.263465E-03  4.193113E-03  7.709560E-03 -6.455461E-03
  6.785025E-04  6.996729E-03  1.218630E-03 -2.113073E-03  4.604528E-03  6.797253E-03  2.182135E-03  1.057341E-02  1.599688E-03
