  1.849571E-02  2.645844E-03 -2.615854E-03  1.368698E-02 -7.785688E-03 -6.743538E-03  7.472998E-03 -1.054460E-02 -5.709068E-03
  2.080322E-02 -3.545672E-03  1.577212E-03  1.097188E-02 -1.223010E-02  4.449536E-04  3.218161E-03 -2.125755E-02  1.422473E-03
  2.049242E-02  2.027791E-03  1.668322E-03  1.674868E-02 -8.823753E-03  2.423872E-03  2.185554E-02 -2.536083E-02  3.531980E-03
  2.416074E-02  6.273074E-03  2.126985E-03  2.404467E-02 -1.130606E-02  1.385895E-03  2.962108E-02 -2.325456E-02  4.618195E-03
  1.623450E-02  1.181916E-03  2.590345E-03  1.065961E-02 -9.082591E-03  5.939490E-03  6.269935E-03 -2.210204E-02  1.342246E-02
  1.950541E-02 -2.438217E-03  4.560562E-04  1.309692E-02 -1.221574E-02  4.085651E-04  8.941161E-03 -2.886677E-02  6.382331E-03
  1.957630E-02  3.392035E-03 -2.256133E-03  1.482054E-02 -7.836369E-03 -1.448725E-04  1.237704E-02 -2.152348E-02  3.389215E-03
  1.815172E-02  5.674413E-04  5.390353E-04  1.320956E-02 -8.412316E-03  1.258177E-03  7.161164E-03 -1.606182E-02 -2.843530E-03
  1.927834E-02  2.793424E-03 -2.661508E-03  1.169094E-02 -6.325144E-03 -1.654228E-03  3.384657E-03 -2.414514E-02  2.077075E-04
  2.001061E-02  2.419851E-03  8.189349E-03  1.642583E-02 -6.337000E-03  5.958514E-03  1.181130E-02 -2.164960E-02  2.860984E-03
  1.768162E-02 -1.232835E-03 -4.409526E-03  9.715719E-03 -8.121641E-03 -5.540088E-03  1.619121E-03 -1.732519E-02 -1.579609E-02
  1.614710E-02 -3.126718E-03  2.984972E-03  9.325617E-03 -9.498406E-03 -1.976276E-03  7.369933E-03 -1.350574E-02  2.437227E-04
  1.660341E-02 -3.115131E-03  5.629976E-03  8.795870E-03 -1.456551E-02  6.074824E-03 -4.326313E-03 -3.120434E-02  3.162528E-03
  2.126783E-02  4.529530E-03  2.173532E-03  1.897033E-02 -3.488852E-03  2.275198E-03  1.168543E-02 -1.446845E-02  2.086350E-03
  1.944221E-02  3.658798E-03 -4.003194E-03  1.264988E-02 -6.643990E-03 -6.196085E-03  5.217322E-03 -1.098181E-02 -7.176052E-03
  2.165866E-02 -3.247725E-03  2.027953E-03  9.580173E-03 -1.193806E-02  6.072519E-04  2.164311E-03 -2.402149E-02 -1.298744E-04
  2.280541E-02  2.974013E-03  5.341547E-03  1.771805E-02 -8.595352E-03  5.078033E-03  2.144775E-02 -2.683599E-02 -9.601281E-04
  2.300094E-02  2.046815E-03  4.408719E-03  2.016555E-02 -1.347444E-02  3.610755E-03  2.424330E-02 -2.269394E-02  3.267394E-03
  1.624159E-02  3.020197E-03  1.631359E-03  1.136666E-02 -7.604018E-03  4.754318E-03  6.789798E-03 -2.104157E-02  1.433502E-02
  2.058580E-02 -1.619083E-03 -1.086611E-03  1.444969E-02 -1.453896E-02 -1.912957E-03  1.011065E-02 -3.700151E-02 -1.252350E-03
  1.917922E-02  3.122113E-03 -4.214688E-03  1.402116E-02 -8.543150E-03 -2.073473E-03  1.065067E-02 -2.426722E-02  1.641044E-03
  1.678698E-02  1.289115E-03 -2.430646E-04  1.382776E-02 -7.722857E-03 -5.117696E-04  9.531784E-03 -1.687448E-02 -6.914967E-03
  1.738521E-02  8.710096E-04 -5.051769E-03  8.716472E-03 -7.029121E-03 -2.773159E-03 -2.932142E-04 -2.178106E-02 -7.038724E-04
  2.037227E-02  5.299403E-03  8.449505E-03  1.656415E-02 -4.305816E-03  4.981983E-03  1.039336E-02 -2.017292E-02  2.488200E-03
  1.737471E-02 -2.727619E-03 -7.097355E-03  1.036967E-02 -1.025971E-02 -7.860936E-03  2.966797E-03 -1.680825E-02 -1.230992E-02
  1.660319E-02 -2.078972E-03  3.015548E-04  1.020944E-02 -1.013258E-02 -4.714251E-03  9.062204E-03 -1.516951E-02 -4.146753E-03
  1.431309E-02 -2.696497E-03  2.883455E-03  7.149340E-03 -1.346734E-02  3.844587E-03 -6.023907E-03 -3.026065E-02  4.287642E-03
  2.098549E-02  4.017338E-03  3.102605E-03  1.783930E-02 -4.576426E-03  2.448901E-03  8.692326E-03 -2.125942E-02  6.186840E-03
  2.167838E-02  2.000374E-03 -1.521015E-03  1.298230E-02 -6.685016E-03 -4.512025E-03  4.417688E-03 -1.196474E-02 -7.180517E-03
  2.239774E-02 -1.315717E-03  2.838347E-03  1.058132E-02 -1.014616E-02  1.997673E-03  5.350183E-03 -2.512305E-02  4.737601E-03
  2.172554E-02  7.974593E-04  1.119453E-03  1.631858E-02 -8.379063E-03  2.279432E-03  1.770600E-02 -2.486469E-02 -3.990191E-03
  2.282853E-02  2.930778E-03  3.605515E-04  1.866583E-02 -1.229030E-02  1.342801E-03  2.022118E-02 -3.029484E-02  2.411725E-03
  1.606312E-02  3.753416E-03  6.142134E-04  1.211656E-02 -6.888088E-03  1.627386E-03  8.401554E-03 -2.045343E-02  9.776847E-03
  2.184862E-02 -8.832975E-04 -2.666243E-03  1.573111E-02 -1.353661E-02 -4.552325E-03  1.319971E-02 -3.521242E-02 -6.138096E-03
  1.891459E-02  3.210969E-03 -5.011080E-03  1.400494E-02 -9.026550E-03 -2.812692E-03  8.635213E-03 -2.575395E-02  9.274246E-04
  1.579008E-02  1.623714E-03  3.373101E-03  1.317814E-02 -7.696544E-03  2.063099E-03  1.057084E-02 -1.689619E-02 -5.152116E-03
  1.840222E-02 -1.744115E-03 -5.168761E-03  8.259042E-03 -7.920292E-03 -2.572571E-03 -2.933494E-03 -2.178485E-02 -6.531654E-03
  2.216966E-02  4.964114E-03  5.834286E-03  1.858493E-02 -4.811610E-03  3.014245E-03  1.228247E-02 -2.121826E-02  7.533811E-04
  1.720206E-02 -2.975514E-03 -7.196889E-03  1.024102E-02 -9.946269E-03 -6.467267E-03  3.510908E-03 -1.273184E-02 -8.798535E-03
  1.474135E-02 -3.467535E-03  2.346881E-03  9.313444E-03 -1.222730E-02 -1.846840E-03  8.086728E-03 -1.427434E-02 -3.874577E-03
  1.608163E-02 -2.608507E-03  8.355920E-04  6.442718E-03 -1.057343E-02  1.581282E-03 -5.902848E-03 -2.390652E-02  2.854994E-03
  1.862452E-02  4.299030E-03 -1.705119E-03  1.524896E-02 -4.701308E-03 -6.957146E-04  7.075898E-03 -2.143741E-02  6.563525E-03
  1.986487E-02  2.331562E-03  1.986560E-03  1.328625E-02 -5.951144E-03 -9.794711E-04  4.139970E-03 -1.006619E-02 -2.768960E-03
  1.958159E-02  1.769599E-04  3.308741E-03  1.131885E-02 -8.842779E-03  1.319829E-03  1.234652E-02 -2.116445E-02  5.973776E-03
  2.265023E-02  1.016895E-03  2.193286E-03  1.627766E-02 -8.174893E-03  3.174518E-03  1.797467E-02 -2.339316E-02 -2.425395E-03
  2.321426E-02  3.974812E-03 -4.378576E-03  1.772701E-02 -1.135501E-02 -4.171925E-03  1.611291E-02 -3.054322E-02 -6.181951E-03
  1.607546E-02  4.967518E-04 -8.485093E-04  1.187849E-02 -8.729022E-03 -9.333554E-05  8.877090E-03 -2.149227E-02  5.663080E-03
  2.269378E-02  1.041448E-03 -2.790304E-03  1.725984E-02 -1.212497E-02 -2.894724E-03  1.650602E-02 -3.287685E-02 -3.526781E-03
  1.929632E-02  1.956265E-03 -2.804684E-03  1.407410E-02 -1.070207E-02 -2.702250E-03  5.984852E-03 -2.453049E-02 -4.396392E-03
  1.637445E-02  1.371572E-03  5.440104E-03  1.197843E-02 -8.155703E-03  2.825994E-03  9.168778E-03 -1.801192E-02 -5.241474E-03
  1.973069E-02 -2.298449E-03 -1.161793E-03  1.004807E-02 -8.018438E-03 -2.085499E-03  2.218041E-03 -1.942678E-02 -1.115199E-02
  2.315837E-02  4.496732E-04  1.422719E-03  1.836079E-02 -8.619993E-03 -1.360251E-03  1.148483E-02 -2.008750E-02 -2.469820E-03
  1.762145E-02 -9.922820E-04 -2.200717E-03  1.160488E-02 -8.252370E-03 -3.451773E-03  4.115920E-03 -1.147406E-02 -1.170516E-02
  1.606677E-02 -1.709397E-03  2.405475E-03  1.140608E-02 -1.164708E-02 -1.415919E-03  8.434545E-03 -1.499476E-02 -6.044056E-03
  1.821601E-02  4.356212E-05  1.133086E-03  8.649660E-03 -9.260801E-03  4.011223E-03 -1.970325E-03 -2.532793E-02  7.552899E-03
  1.977629E-02  2.395793E-03 -6.876159E-03  1.409020E-02 -5.982255E-03 -8.515515E-03  2.314844E-03 -1.930718E-02 -4.590064E-03
  2.053400E-02  1.044622E-03  1.442851E-03  1.302402E-02 -6.109595E-03 -2.108981E-03  6.399859E-03 -7.958800E-03 -1.957581E-03
  1.995922E-02 -1.422488E-03  6.005352E-04  1.219120E-02 -9.971200E-03 -1.238794E-03  1.346519E-02 -2.408288E-02  4.833494E-03
  2.144155E-02 -1.762688E-04  6.885458E-03  1.511798E-02 -1.083609E-02  6.513455E-03  1.418801E-02 -2.399033E-02 -1.100790E-03
  2.355604E-02  4.536891E-03 -2.917541E-03  1.821551E-02 -1.186006E-02 -2.034568E-03  1.705460E-02 -2.958312E-02 -4.718871E-03
  1.830762E-02 -2.580473E-04 -1.035407E-03  1.385864E-02 -1.082336E-02  5.140818E-04  1.192526E-02 -2.360970E-02  5.810347E-03
  2.120272E-02  3.556775E-03 -2.192884E-03  1.871533E-02 -1.020086E-02  1.833688E-04  2.097042E-02 -3.319429E-02 -5.708293E-04
  1.945795E-02  2.015287E-03 -2.360862E-03  1.436658E-02 -1.262151E-02 -1.973036E-03  1.024066E-02 -3.156692E-02 -5.331551E-03
  1.904520E-02  1.512469E-03  4.287021E-03  1.390293E-02 -8.268823E-03  2.451917E-03  8.363109E-03 -1.688587E-02 -3.439150E-03
  1.949436E-02  4.568676E-04  2.182242E-03  1.325880E-02 -7.850609E-03 -6.425233E-04  7.952861E-03 -2.144035E-02 -1.248914E-02
  2.230721E-02 -1.251505E-03  3.114792E-05  1.659917E-02 -8.587711E-03 -1.132690E-03  9.505552E-03 -1.743173E-02 -2.176902E-03
  1.776840E-02 -1.047407E-03 -3.863655E-04  1.165866E-02 -8.372890E-03 -3.568369E-03  8.315525E-04 -1.602913E-02 -1.518253E-02
  1.684705E-02 -1.243395E-03  2.641053E-03  1.142649E-02 -8.866769E-03 -4.100542E-04  8.403237E-03 -1.204759E-02 -4.610179E-03
  1.691939E-02 -1.888205E-03  3.868290E-03  1.026478E-02 -1.083662E-02  6.249730E-03  9.539381E-04 -2.451347E-02  7.512237E-03
  2.236339E-02 -7.509670E-04 -5.992606E-03  1.504796E-02 -6.374406E-03 -8.739053E-03 -4.161272E-04 -1.143322E-02 -9.578437E-03
  2.115854E-02  1.397313E-03 -1.739927E-03  1.409582E-02 -7.300801E-03 -3.054743E-03  9.297329E-03 -9.444262E-03 -2.591849E-04
  2.132697E-02 -5.415777E-04  6.672206E-04  1.251662E-02 -9.316173E-03 -7.587486E-04  1.022576E-02 -2.810370E-02  4.748753E-03
  2.137099E-02 -1.701166E-03  5.408349E-03  1.449618E-02 -1.255677E-02  3.950357E-03  9.042928E-03 -2.531296E-02 -8.596023E-03
  2.198015E-02  9.189999E-04 -6.410401E-04  1.757597E-02 -1.382284E-02  5.678555E-04  1.789994E-02 -2.442620E-02  3.558870E-04
  1.713839E-02 -4.136069E-04  1.209207E-03  1.223908E-02 -1.059376E-02  2.337235E-03  8.789020E-03 -2.185406E-02  9.034585E-03
  1.973177E-02  2.101972E-03  1.388018E-03  1.858821E-02 -1.187034E-02  4.475254E-03  2.018799E-02 -3.149121E-02  4.085426E-03
  1.879244E-02 -4.301726E-04 -5.386874E-03  1.267874E-02 -1.389148E-02 -2.935747E-03  1.352552E-02 -2.959136E-02 -2.375355E-03
  2.093932E-02  2.222428E-03  1.197068E-03  1.656821E-02 -7.971751E-03 -3.888682E-04  1.060633E-02 -1.792074E-02 -1.853590E-04
  1.814560E-02  2.801799E-03 -7.488075E-04  1.186136E-02 -5.604345E-03 -1.605583E-03  7.411345E-03 -2.098309E-02 -1.042021E-02
  2.201645E-02 -2.146748E-03  1.761581E-03  1.491052E-02 -9.055412E-03  2.468098E-03  8.216225E-03 -2.067219E-02  2.786153E-03
  1.945565E-02 -1.201569E-03 -2.969661E-03  1.175908E-02 -1.002229E-02 -6.175364E-03  3.898238E-04 -2.011586E-02 -1.366755E-02
  2.058257E-02 -2.963535E-06  5.714431E-04  1.501420E-02 -8.969056E-03 -3.334834E-03  1.026702E-02 -1.572407E-02 -4.436553E-03
  1.521800E-02 -1.066269E-03  4.039136E-03  1.043214E-02 -1.186226E-02  6.384824E-03  2.432740E-03 -2.737125E-02  6.209343E-03
  2.267211E-02  2.930736E-03 -1.142390E-03  1.767475E-02 -5.268042E-03 -3.044278E-03  6.043344E-03 -9.779378E-03 -1.662105E-03
  2.398899E-02  1.284854E-03 -2.109051E-03  1.489393E-02 -8.231335E-03 -2.448133E-03  6.503136E-03 -1.527230E-02  8.435126E-04
  2.089997E-02  2.496298E-03  3.402177E-04  1.133392E-02 -6.720939E-03 -4.885700E-04  1.119915E-02 -2.309080E-02  7.060838E-03
  2.000417E-02 -6.660533E-04 -1.878619E-03  1.439833E-02 -1.191386E-02 -1.945798E-03  9.426862E-03 -2.706336E-02 -1.090958E-02
  2.346270E-02  1.852678E-03 -3.143432E-03  1.895361E-02 -1.329316E-02 -3.271688E-03  1.902975E-02 -2.531146E-02 -4.449683E-03
  1.552278E-02  1.111344E-03  1.718494E-03  1.153693E-02 -9.702346E-03  6.214778E-05  7.309764E-03 -2.158569E-02  5.429370E-03
  2.230294E-02  1.049713E-03  1.452181E-03  1.769429E-02 -1.204052E-02  4.199160E-03  1.657372E-02 -3.243755E-02  8.197728E-03
  1.803201E-02 -1.030802E-04 -7.769498E-03  1.340003E-02 -1.346425E-02 -4.617923E-03  1.567843E-02 -3.448530E-02 -2.458809E-03
  2.074236E-02 -3.708920E-04 -6.484684E-04  1.468443E-02 -1.057733E-02 -9.955353E-04  7.486174E-03 -1.738485E-02  4.376574E-06
  1.520602E-02  1.916055E-04 -3.167796E-04  9.849254E-03 -8.121390E-03 -3.172513E-04  5.047829E-03 -2.183921E-02 -5.050825E-03
  2.201667E-02  8.708525E-04  1.581171E-03  1.565958E-02 -7.768677E-03  1.503879E-03  1.136086E-02 -2.088336E-02 -9.163688E-05
  1.740070E-02  7.654254E-05 -5.738200E-03  1.074877E-02 -9.542156E-03 -7.640051E-03  2.465019E-03 -1.980417E-02 -1.688616E-02
  1.628371E-02 -2.537807E-03  1.886117E-03  1.245374E-02 -9.675762E-03 -2.214180E-03  1.015598E-02 -1.393159E-02 -1.305263E-03
  1.555641E-02 -1.445298E-03  1.387864E-03  9.233699E-03 -1.023814E-02  2.192802E-03  9.615880E-04 -2.048160E-02  1.621950E-04
  2.131534E-02  1.367081E-03  1.120203E-03  1.732348E-02 -7.075067E-03  2.556865E-04  6.767971E-03 -1.311547E-02  3.465349E-03
  1.933880E-02 -2.158033E-03  2.017110E-03  1.217589E-02 -1.065561E-02  2.610014E-04  3.460456E-03 -1.719719E-02 -1.219199E-04
  1.810939E-02  1.681356E-03  1.269024E-03  1.027709E-02 -6.561396E-03  1.068884E-03  1.150259E-02 -2.004546E-02  8.907699E-03
  2.124297E-02  3.213267E-04 -3.369161E-03  1.380379E-02 -9.230253E-03 -2.136933E-03  7.624487E-03 -2.585621E-02 -8.619971E-03
  2.279583E-02  2.122431E-03 -3.849652E-03  2.076486E-02 -1.241414E-02 -6.010341E-03  2.456756E-02 -2.589699E-02 -1.197932E-02
  1.365926E-02  1.007798E-03  2.045469E-03  9.875954E-03 -9.600404E-03 -3.159941E-04  5.318901E-03 -2.361703E-02  3.299948E-03
  2.158763E-02  5.944828E-03 -4.040747E-03  1.754635E-02 -7.908645E-03 -1.981627E-03  1.783319E-02 -2.819038E-02  7.843976E-03
  1.896631E-02  4.851289E-03 -5.227838E-03  1.510136E-02 -8.901287E-03 -5.051969E-03  1.441786E-02 -2.894078E-02 -8.405221E-03
  1.739415E-02 -4.258352E-04 -4.131334E-04  1.193334E-02 -1.011649E-02  6.858770E-04  8.922973E-03 -2.084587E-02 -2.123705E-04
  1.577063E-02  4.918851E-05 -1.264515E-03  1.084405E-02 -7.533460E-03 -1.666791E-03  6.051980E-03 -2.249499E-02 -6.906569E-03
  2.216000E-02  3.611649E-04  1.922401E-03  1.645737E-02 -1.003134E-02 -2.323580E-04  1.406511E-02 -2.202688E-02 -3.423604E-03
  1.830590E-02  2.011387E-03 -3.476132E-03  1.127290E-02 -6.684342E-03 -4.936995E-03  6.464073E-03 -1.500027E-02 -1.458859E-02
  1.686800E-02 -5.852172E-04  1.004168E-03  1.275170E-02 -1.188816E-02 -1.526163E-03  8.007432E-03 -1.891369E-02 -2.821970E-03
  1.598921E-02  5.056797E-04  1.359364E-03  9.157309E-03 -9.507945E-03  2.109876E-03 -5.054478E-04 -1.996873E-02  2.915585E-03
  2.046770E-02  2.704274E-03 -2.929915E-04  1.644161E-02 -6.137360E-03 -3.089847E-03  6.431738E-03 -1.922202E-02 -5.635333E-03
  1.848341E-02 -2.245337E-03  2.666507E-03  1.272785E-02 -1.100326E-02 -2.676754E-04  5.602323E-03 -1.769663E-02  5.955189E-04
  1.920288E-02  1.028326E-03 -1.870606E-04  1.058469E-02 -7.375950E-03 -9.901035E-04  1.167360E-02 -2.096807E-02  4.955932E-03
  2.038032E-02  4.496943E-03  2.183453E-04  1.557915E-02 -6.803203E-03  1.184121E-04  1.475849E-02 -2.122690E-02 -6.543955E-03
  2.175631E-02  4.797449E-03  3.076343E-04  1.915056E-02 -1.028501E-02  9.681644E-05  2.323565E-02 -2.255512E-02 -3.996113E-03
  1.516346E-02  9.881715E-04 -8.736996E-04  1.026106E-02 -1.105006E-02  1.305064E-04  8.263587E-03 -2.512648E-02  6.901306E-03
  2.204482E-02  6.244999E-03 -5.916221E-03  1.758995E-02 -7.122922E-03 -2.312040E-03  1.653740E-02 -2.859031E-02  7.093494E-03
  2.010096E-02  3.076724E-03 -1.862409E-03  1.420379E-02 -1.130355E-02 -2.335058E-03  1.054512E-02 -2.946070E-02 -8.871047E-03
  1.721818E-02 -2.327238E-04  2.725423E-03  9.983482E-03 -1.052466E-02  2.154856E-03  9.949489E-03 -1.856516E-02  3.315891E-03
  1.586632E-02 -4.318807E-04 -1.366287E-04  1.010379E-02 -6.582404E-03 -3.171743E-03  4.445911E-03 -1.860806E-02 -1.144001E-02
  2.180778E-02  2.444799E-03  2.999413E-03  1.797661E-02 -8.083122E-03  6.533057E-04  1.555205E-02 -1.923307E-02 -5.995671E-04
  1.732763E-02  2.504515E-03 -1.006727E-03  1.093580E-02 -5.673408E-03 -2.156255E-03  2.705533E-03 -1.498643E-02 -1.016482E-02
  1.515672E-02 -1.394956E-03 -5.938985E-04  1.090993E-02 -1.054507E-02 -2.999835E-03  1.000142E-02 -1.419724E-02 -1.124325E-02
  1.633590E-02 -5.436492E-04  3.985061E-03  9.094340E-03 -8.949614E-03  2.525698E-03 -7.673983E-04 -1.972924E-02  1.336696E-03
  2.164456E-02  3.113421E-03  2.739087E-03  1.662579E-02 -5.148406E-03 -2.617912E-03  7.424631E-03 -1.919214E-02 -8.794005E-03
  1.918047E-02 -3.674264E-03  5.007758E-03  1.281646E-02 -1.279913E-02  4.689169E-05  9.326814E-03 -1.681314E-02  2.392478E-03
  1.798906E-02  1.564118E-04 -6.988060E-04  9.853794E-03 -7.624288E-03 -2.288242E-03  9.637982E-03 -2.515135E-02  1.304919E-03
  2.141822E-02  2.867405E-03  4.068909E-03  1.726182E-02 -9.237289E-03  2.635915E-03  1.533197E-02 -2.081732E-02 -9.515267E-03
  2.180348E-02  2.921929E-03  6.617676E-05  1.785081E-02 -1.004918E-02  2.930767E-03  2.254356E-02 -2.024858E-02  6.582711E-03
  1.465008E-02 -7.446390E-05  6.233703E-05  9.660535E-03 -1.133664E-02  1.318822E-03  8.517635E-03 -2.401330E-02  8.185084E-03
  2.030920E-02  4.401841E-03 -1.721731E-03  1.689131E-02 -8.203262E-03  3.277146E-03  1.578846E-02 -2.825819E-02  9.977473E-03
  1.978402E-02  4.386786E-04 -1.556951E-03  1.444141E-02 -1.501510E-02 -1.028645E-04  1.737987E-02 -3.734429E-02 -3.922344E-03
  1.766669E-02  7.851979E-04  1.416248E-03  1.205301E-02 -8.876331E-03  1.086211E-03  1.502523E-02 -1.496871E-02  3.916394E-03
  1.661221E-02 -1.053852E-03  9.630229E-04  9.705885E-03 -6.799020E-03 -3.270310E-03  3.693003E-03 -1.750424E-02 -1.070656E-02
  2.123844E-02  2.231022E-03  2.769882E-03  1.655036E-02 -5.589156E-03  2.556217E-03  1.184612E-02 -1.556591E-02  3.897642E-03
  1.842082E-02  7.597447E-04 -1.797732E-03  1.295029E-02 -7.939051E-03 -2.787974E-03  4.322430E-03 -2.056741E-02 -5.785422E-03
  1.722196E-02  3.067181E-04  1.911026E-03  1.320000E-02 -1.099834E-02 -1.003209E-03  1.339414E-02 -1.934610E-02 -1.259964E-02
  1.544443E-02 -7.763747E-04  6.016411E-03  8.118413E-03 -8.321854E-03  4.669074E-03 -2.903398E-03 -2.021450E-02 -1.611373E-03
  2.066718E-02  4.156391E-03  5.841182E-03  1.534217E-02 -3.159904E-03  1.139773E-03  8.264922E-03 -1.535889E-02 -2.613828E-03
  2.003213E-02 -4.320645E-03  2.730167E-03  1.205164E-02 -1.393040E-02 -7.197722E-04  8.423118E-03 -1.906649E-02  1.437140E-03
  1.726782E-02 -8.377932E-04 -6.624723E-04  1.030430E-02 -7.558642E-03 -9.080528E-04  8.071251E-03 -2.359206E-02  1.833951E-03
  2.115884E-02 -3.053740E-04 -6.276037E-04  1.663149E-02 -1.153817E-02 -1.059253E-03  1.272684E-02 -2.398097E-02 -1.364632E-02
  2.157661E-02  2.344771E-03 -3.974203E-03  1.782439E-02 -1.055181E-02  2.890185E-04  2.437801E-02 -1.902058E-02  5.045963E-03
  1.481763E-02 -1.191488E-04  3.218592E-03  1.096199E-02 -1.000317E-02  1.593829E-03  7.767223E-03 -2.477974E-02  3.491731E-03
  2.444901E-02  5.848395E-03  1.310667E-03  1.996050E-02 -7.988637E-03  4.762614E-03  1.856764E-02 -3.145168E-02  1.147812E-02
  1.929606E-02 -7.202222E-04 -3.699205E-03  1.529937E-02 -1.527339E-02 -3.516148E-03  2.056023E-02 -3.462251E-02 -4.487305E-03
  1.890179E-02 -2.144523E-04 -1.429347E-03  1.450459E-02 -1.065437E-02 -1.087382E-04  1.328780E-02 -2.078100E-02  3.922249E-03
  1.519676E-02 -1.857245E-03  2.282750E-03  7.949972E-03 -7.978984E-03 -1.459910E-03  1.268389E-03 -2.008055E-02 -5.604820E-03
  2.076007E-02  3.291279E-03 -7.836202E-04  1.651041E-02 -4.854543E-03  3.334333E-04  1.231555E-02 -1.649945E-02  2.756336E-03
  1.882564E-02 -2.166724E-03 -3.818539E-03  1.150897E-02 -1.118391E-02 -4.322430E-03  1.551604E-03 -2.097045E-02 -7.762904E-03
  1.543603E-02 -2.297814E-03  4.191237E-03  1.224950E-02 -1.270219E-02  1.515212E-03  1.188506E-02 -2.438862E-02 -7.526727E-03
  1.784696E-02  1.371319E-03  4.793687E-03  8.946966E-03 -6.783571E-03  4.146614E-03 -8.360063E-04 -1.991885E-02 -2.694034E-03
  1.877916E-02  2.830007E-03  4.651028E-03  1.414474E-02 -4.311739E-03  2.744389E-03  7.383348E-03 -1.556609E-02  2.066281E-03
  2.019742E-02 -5.440661E-03  1.766250E-04  1.155290E-02 -1.616123E-02 -2.500768E-03  6.890902E-03 -2.417520E-02 -2.218360E-03
  1.744125E-02 -1.678987E-04 -4.168318E-05  1.113209E-02 -7.376481E-03  1.033910E-03  9.782211E-03 -2.193134E-02  5.619877E-03
  2.217671E-02  5.685701E-04 -1.454959E-03  1.585402E-02 -1.031711E-02 -1.532330E-03  1.276897E-02 -2.898703E-02 -1.175753E-02
  2.150955E-02 -1.236501E-03 -5.310568E-03  1.781583E-02 -1.460548E-02 -2.568003E-03  2.416583E-02 -2.944035E-02  2.100387E-03
  1.492036E-02 -2.073951E-03  4.359543E-03  1.183178E-02 -1.101619E-02  2.345018E-03  8.305163E-03 -2.622520E-02  3.625097E-03
  2.448412E-02  3.149280E-03  1.362048E-03  1.693751E-02 -8.396900E-03  3.040362E-03  1.230576E-02 -2.424285E-02  1.058831E-02
  2.026299E-02  9.504969E-04 -3.561344E-03  1.563591E-02 -1.219031E-02 -5.283625E-03  1.752846E-02 -3.029145E-02 -1.087306E-02
  1.708905E-02 -1.441241E-04 -1.906991E-04  1.442394E-02 -9.756769E-03 -2.791290E-04  1.102822E-02 -2.184485E-02 -4.472687E-03
  1.448280E-02 -3.428212E-03  2.299874E-03  6.386916E-03 -1.079297E-02  4.932052E-05 -5.202342E-04 -2.111536E-02 -2.427370E-03
  2.169783E-02  1.203353E-03  2.140034E-04  1.550236E-02 -8.676821E-03  9.495761E-04  1.233232E-02 -2.126236E-02  3.693014E-03
  1.782658E-02 -1.081099E-03 -2.722227E-03  1.135083E-02 -8.730519E-03 -2.520514E-03  7.189293E-03 -1.569473E-02 -6.690753E-03
  1.431640E-02 -2.585630E-03  4.500934E-03  1.129474E-02 -1.242759E-02  4.399851E-04  1.184780E-02 -2.354395E-02 -9.352528E-03
  1.571770E-02 -5.560084E-04  2.664051E-03  6.560947E-03 -7.426047E-03  1.767516E-03 -1.666462E-03 -1.565989E-02 -3.279116E-03
  1.902172E-02  1.196129E-03  1.254483E-03  1.436462E-02 -6.327806E-03  3.313588E-04  6.257154E-03 -1.816691E-02 -2.927413E-03
  2.049578E-02 -5.813525E-03 -1.607120E-03  1.364106E-02 -1.626941E-02 -3.572753E-03  1.086679E-02 -2.633753E-02 -2.043207E-03
  1.754974E-02  1.038176E-04  4.844303E-04  1.021306E-02 -6.606330E-03  3.601281E-04  7.760176E-03 -2.115764E-02  2.745689E-03
  2.190005E-02  1.956611E-03  1.121269E-03  1.394016E-02 -8.012728E-03  6.749908E-04  9.912629E-03 -2.640549E-02 -6.242723E-03
  2.161726E-02 -2.569390E-04 -8.678707E-04  1.828795E-02 -1.527811E-02  1.794884E-04  2.681664E-02 -3.164631E-02  1.356474E-03
  1.525184E-02 -1.910115E-03  1.669053E-03  1.028147E-02 -1.157853E-02  2.429683E-03  8.945352E-03 -2.811724E-02  8.824248E-03
  2.233932E-02  4.235777E-03  2.273167E-04  1.700655E-02 -9.862396E-03  1.524672E-03  1.317129E-02 -3.166593E-02  8.519360E-03
  2.182477E-02  2.487491E-03 -3.265422E-03  1.488404E-02 -1.171776E-02 -3.853175E-03  1.327080E-02 -2.983909E-02 -1.163654E-02
  1.736831E-02  1.290253E-03  5.465904E-03  1.674778E-02 -1.050710E-02  3.527914E-03  1.834320E-02 -1.973761E-02 -3.088259E-03
  1.427411E-02 -1.894288E-03 -5.423312E-04  8.180080E-03 -8.764189E-03 -1.366920E-03  1.565007E-03 -1.999480E-02 -4.548300E-03
  2.261993E-02  3.932893E-04  3.946043E-03  1.520010E-02 -1.034573E-02  2.278313E-03  1.275282E-02 -2.332913E-02  2.808393E-03
  1.703615E-02 -2.119606E-04 -1.037010E-03  1.026291E-02 -7.186538E-03 -1.064565E-05  4.074056E-03 -1.729317E-02 -3.044690E-03
  1.501071E-02 -6.138793E-04  2.357696E-03  1.122275E-02 -1.133026E-02 -2.098298E-03  1.067895E-02 -2.193635E-02 -1.463701E-02
  1.727628E-02  1.533611E-03  1.183242E-03  8.858726E-03 -8.492668E-03 -1.892283E-04  1.384173E-03 -1.965607E-02 -1.323983E-03
  2.156301E-02 -1.602432E-03  2.740816E-03  1.596206E-02 -9.527630E-03 -8.020168E-04  7.919195E-03 -1.992218E-02 -8.285949E-03
  2.306789E-02 -4.301576E-03 -7.879485E-04  1.667562E-02 -1.528182E-02 -3.961051E-03  1.510577E-02 -2.316534E-02 -1.129413E-03
  1.607952E-02  2.529407E-03 -1.220768E-03  9.449659E-03 -5.810550E-03 -1.897663E-03  7.767454E-03 -1.965364E-02 -5.249279E-04
  2.276886E-02  1.774762E-03  4.303977E-03  1.546172E-02 -8.526071E-03  5.143244E-03  1.196045E-02 -2.863014E-02 -4.015357E-03
  2.007364E-02 -2.704468E-03  9.942801E-04  1.520026E-02 -1.458895E-02  1.677411E-03  2.112240E-02 -2.667716E-02  6.861354E-03
  1.472341E-02 -3.368261E-03  6.720215E-04  8.227466E-03 -1.371693E-02  3.573750E-03  9.428431E-03 -3.027319E-02  1.082321E-02
  1.899501E-02  4.687188E-03 -2.208641E-03  1.540334E-02 -1.025198E-02  4.445607E-04  1.443887E-02 -3.416698E-02  4.769677E-03
  2.121762E-02 -4.280424E-04 -1.204773E-03  1.366524E-02 -1.438320E-02  1.058569E-03  7.953794E-03 -2.916961E-02 -1.356002E-03
  1.729307E-02  3.753408E-04  9.096047E-03  1.655170E-02 -1.000616E-02  5.067394E-03  1.928854E-02 -1.383369E-02  1.097862E-03
  1.935882E-02  1.642374E-03 -2.788317E-03  1.379281E-02 -6.791748E-03 -3.492042E-03  7.878908E-03 -1.741341E-02 -8.102525E-03
  2.236591E-02 -2.503483E-03  3.303529E-03  1.508216E-02 -9.879765E-03  3.089526E-03  1.341176E-02 -1.935481E-02  2.132730E-03
  1.869290E-02  2.516235E-05  7.855799E-04  1.100340E-02 -7.840191E-03  2.292622E-03  3.466815E-03 -2.210875E-02  3.945201E-03
  1.510884E-02  1.626162E-05  2.167301E-03  1.166391E-02 -1.008837E-02 -3.170071E-03  1.061971E-02 -1.674942E-02 -1.742771E-02
  1.693365E-02  5.122631E-04  3.019340E-03  9.496532E-03 -1.003090E-02  1.734255E-05 -1.183656E-03 -2.310392E-02 -2.581206E-03
  2.037864E-02 -2.731693E-03  2.899993E-03  1.392674E-02 -1.127928E-02 -1.796276E-03  6.766730E-03 -2.218102E-02 -9.320278E-03
  2.062973E-02 -5.081612E-03  7.536970E-04  1.642814E-02 -1.574987E-02 -2.783817E-03  1.528130E-02 -2.151701E-02 -1.710762E-03
  1.737901E-02  3.405321E-03  6.375789E-04  1.232209E-02 -5.244429E-03 -9.315499E-04  1.229185E-02 -1.685310E-02  4.801043E-04
  2.027907E-02  7.155949E-04  1.438437E-03  1.482832E-02 -1.031939E-02  8.388337E-04  1.286558E-02 -2.652910E-02 -9.320202E-03
  2.155923E-02  4.586069E-04 -1.371085E-04  1.752060E-02 -1.271845E-02  2.289904E-03  2.801475E-02 -2.308861E-02  1.006683E-02
  1.605635E-02 -3.557204E-03 -1.707353E-03  8.736123E-03 -1.481204E-02 -2.517165E-04  8.604114E-03 -3.397025E-02  7.563670E-03
  1.974331E-02  4.853827E-03 -2.214069E-04  1.547316E-02 -9.667953E-03  9.946484E-04  1.300707E-02 -3.077799E-02  4.813276E-03
  1.989887E-02 -4.282806E-04 -4.028619E-03  1.433779E-02 -1.367752E-02 -3.028819E-03  1.169550E-02 -2.663244E-02 -2.865353E-03
  1.788403E-02 -7.967229E-04  3.920986E-03  1.620481E-02 -1.103154E-02 -2.912395E-04  1.987690E-02 -1.945440E-02 -8.018905E-03
  1.931118E-02 -2.381001E-03 -5.079576E-04  1.236041E-02 -7.183075E-03 -1.535522E-03  5.406203E-03 -1.822896E-02 -6.473899E-03
  2.343926E-02  7.780147E-04 -2.949544E-04  1.922116E-02 -7.030546E-03  2.042218E-03  1.767074E-02 -1.892135E-02  1.831973E-03
  1.953492E-02 -6.411571E-04 -1.123556E-03  1.280076E-02 -8.715228E-03 -9.862618E-04  7.698336E-03 -2.441957E-02  1.846068E-03
  1.563994E-02 -1.093883E-04  4.018120E-03  1.218413E-02 -1.026060E-02 -1.505595E-03  9.650281E-03 -1.884274E-02 -1.601204E-02
  1.754299E-02 -5.514360E-04  4.840109E-03  8.977954E-03 -1.039994E-02  1.572852E-03 -1.913969E-03 -2.604416E-02 -3.860640E-03
  2.095248E-02 -1.724243E-03  1.475207E-03  1.224876E-02 -1.166872E-02 -1.738048E-03  6.366526E-03 -2.760543E-02 -9.775976E-03
  2.315312E-02 -3.704756E-03  2.246767E-03  1.827880E-02 -1.579268E-02  4.640604E-05  1.610367E-02 -2.266121E-02 -1.220764E-03
  1.612962E-02  2.098951E-03 -1.081074E-03  1.224644E-02 -5.578859E-03 -1.424560E-03  1.341524E-02 -1.475630E-02  1.032482E-03
  1.962210E-02  5.174416E-04  1.795208E-03  1.395347E-02 -9.911259E-03  1.594541E-04  1.217404E-02 -2.034954E-02 -9.223871E-03
  2.156829E-02 -4.582252E-04 -4.282180E-03  1.834581E-02 -1.407862E-02 -2.455363E-03  3.315925E-02 -2.518756E-02  3.869687E-03
  1.744980E-02 -2.755888E-03  2.577361E-03  1.234626E-02 -1.378587E-02  1.975399E-03  1.163297E-02 -3.245504E-02  6.936320E-03
  1.996919E-02  5.833613E-03 -3.250762E-03  1.588941E-02 -7.515887E-03 -1.997841E-03  1.680843E-02 -2.882500E-02  1.701536E-03
  2.121438E-02  1.765266E-03 -4.209181E-03  1.817176E-02 -1.351232E-02 -6.629998E-03  2.316905E-02 -3.027884E-02 -1.168832E-02
  1.636293E-02 -2.405223E-03 -3.136075E-03  1.279253E-02 -1.041700E-02 -5.222967E-03  1.415366E-02 -1.778119E-02 -1.811315E-02
  1.699677E-02 -2.000361E-03  1.345432E-03  8.890834E-03 -7.851694E-03  5.470808E-04  1.682140E-03 -2.164269E-02 -1.865607E-03
  2.316630E-02 -4.870424E-04 -2.885549E-03  1.922094E-02 -7.829851E-03 -1.150855E-03  1.633395E-02 -1.885037E-02  5.912428E-05
  1.658953E-02 -8.734556E-04 -3.118617E-03  1.206242E-02 -9.902843E-03 -2.251219E-03  9.778559E-03 -2.322514E-02 -5.857680E-03
  1.279966E-02  1.209953E-03  5.105897E-03  9.066855E-03 -8.561760E-03  1.466675E-03  7.213199E-03 -1.927332E-02 -1.029607E-02
  1.563371E-02 -3.107218E-03  4.135124E-03  5.376163E-03 -1.177606E-02  8.315586E-04 -5.981704E-03 -2.404796E-02 -6.973287E-03
  2.020715E-02 -2.646006E-03  1.647362E-03  1.254308E-02 -1.338681E-02 -1.178103E-03  7.945339E-03 -2.734255E-02 -1.076274E-02
  2.263110E-02 -5.432656E-03  8.723526E-04  1.766857E-02 -1.752850E-02 -4.160327E-04  1.620507E-02 -2.615970E-02 -2.536284E-04
  1.866400E-02  2.595809E-03 -1.349029E-04  1.228888E-02 -4.800525E-03  2.266322E-04  1.077801E-02 -1.717110E-02  1.651164E-03
  2.048468E-02  1.594891E-03  2.379974E-03  1.385014E-02 -1.010742E-02 -4.181357E-04  1.416781E-02 -2.458900E-02 -9.589883E-03
  2.239004E-02  2.067390E-04 -4.032666E-03  2.020094E-02 -1.501784E-02 -3.557804E-03  3.400465E-02 -2.826474E-02 -7.683382E-04
  1.460471E-02 -3.526043E-03  2.768826E-03  1.058946E-02 -1.333326E-02  1.864113E-03  9.039955E-03 -2.955531E-02  5.483260E-03
  2.152327E-02  8.942077E-04 -8.288366E-04  1.457105E-02 -1.142175E-02 -8.462283E-04  9.878563E-03 -3.188262E-02 -5.796181E-03
  2.025404E-02  7.440178E-04 -5.748239E-03  1.827018E-02 -1.401601E-02 -6.037354E-03  2.365762E-02 -2.847471E-02 -1.304241E-02
  1.780370E-02 -3.537724E-03 -2.647374E-03  1.419751E-02 -1.262438E-02 -5.833505E-03  1.646692E-02 -1.848152E-02 -2.154743E-02
  1.630167E-02  1.051323E-03  9.185500E-04  7.987581E-03 -5.117562E-03 -5.045541E-04 -2.833999E-04 -2.092788E-02 -2.514974E-03
  2.341745E-02 -1.828047E-03 -3.341871E-04  1.934151E-02 -1.025285E-02 -2.513199E-04  1.540746E-02 -2.201273E-02  2.617041E-04
  1.658365E-02  4.686320E-04 -3.103517E-03  1.227902E-02 -7.183584E-03 -2.616886E-03  1.147379E-02 -1.902129E-02 -1.080662E-02
  1.428584E-02  2.180616E-03  3.501014E-03  9.203981E-03 -7.200387E-03  1.459221E-03  8.702873E-03 -1.755695E-02 -4.472036E-03
  1.685421E-02 -1.351003E-03  1.456551E-03  7.508615E-03 -1.304106E-02 -5.252732E-04 -5.268531E-03 -2.833243E-02 -4.475487E-03
  2.143036E-02 -3.049094E-03  1.371717E-03  1.723900E-02 -1.316263E-02 -1.094600E-03  1.601095E-02 -2.950487E-02 -8.218213E-03
  2.378959E-02 -4.149327E-03 -1.597676E-03  1.986791E-02 -1.706252E-02 -2.977530E-03  1.856443E-02 -2.805433E-02  1.787059E-03
  1.700557E-02  1.577042E-03 -7.461742E-04  1.040878E-02 -4.736879E-03  1.286990E-04  5.803597E-03 -1.601201E-02 -2.983988E-03
  2.149040E-02  2.048434E-03  2.845986E-03  1.420834E-02 -9.395257E-03  4.024202E-03  1.472944E-02 -2.803372E-02 -4.477023E-03
  2.138905E-02  2.772761E-04 -1.705543E-03  1.811183E-02 -1.273444E-02 -1.914734E-03  2.815209E-02 -2.545804E-02  1.153218E-04
  1.339520E-02 -2.259943E-03  2.925358E-03  8.910871E-03 -1.313389E-02  2.610800E-03  5.865211E-03 -3.480728E-02  2.162907E-03
  1.918389E-02  1.511361E-04 -1.091706E-03  1.180055E-02 -1.222560E-02  6.717614E-06  8.432231E-03 -3.083055E-02 -1.094490E-02
  1.739224E-02  8.091557E-04 -7.921129E-03  1.618374E-02 -1.303763E-02 -5.287182E-03  1.888044E-02 -2.688196E-02 -1.141258E-02
  1.919028E-02 -4.682153E-03  1.451889E-03  1.554578E-02 -1.266543E-02 -5.191409E-03  1.692940E-02 -1.076057E-02 -1.870450E-02
  1.850999E-02  2.177616E-03  2.361947E-03  1.068570E-02 -4.764936E-03  4.857893E-04  2.525596E-03 -1.940908E-02 -3.544793E-03
  2.284259E-02 -2.646945E-03  1.005628E-03  1.691847E-02 -9.670143E-03  8.781729E-04  1.149264E-02 -1.981833E-02  1.559477E-04
  1.552082E-02 -2.108540E-03  9.254687E-04  1.072966E-02 -9.681080E-03  9.849938E-04  8.709574E-03 -2.203912E-02 -3.566754E-03
  1.218238E-02  3.967430E-04  1.350488E-03  8.071203E-03 -6.063856E-03 -1.936516E-04  8.346645E-03 -1.327048E-02 -4.165641E-03
  1.778977E-02 -7.550340E-04  1.736964E-03  8.093619E-03 -1.246349E-02 -1.865955E-04 -6.658752E-03 -2.907795E-02 -3.589946E-03
  1.965054E-02 -9.053875E-04  1.334454E-03  1.732707E-02 -1.206863E-02 -1.963752E-03  2.164509E-02 -2.640560E-02 -3.450082E-03
  2.333972E-02 -3.599398E-03 -7.489006E-04  2.063817E-02 -1.558590E-02 -4.017837E-03  2.035008E-02 -2.584740E-02  3.088695E-03
  1.854024E-02  2.536868E-03 -1.229391E-03  1.261456E-02 -6.031794E-03 -2.696528E-03  8.495696E-03 -1.846325E-02 -8.691258E-03
  2.105025E-02  1.941904E-03 -2.020395E-03  1.504011E-02 -6.991084E-03  1.198159E-03  1.315513E-02 -2.412462E-02 -3.136252E-03
  2.146441E-02  3.879061E-04 -2.772920E-04  1.798340E-02 -1.244295E-02 -4.682951E-05  2.703105E-02 -2.747577E-02  1.066950E-03
  1.572103E-02 -2.990802E-03  2.422817E-03  8.499552E-03 -1.331563E-02  1.097678E-03  5.428233E-03 -3.178097E-02 -1.486581E-03
  1.959958E-02  2.157230E-03  6.455912E-04  1.421386E-02 -1.042175E-02  9.744001E-04  1.197595E-02 -3.218079E-02 -5.504051E-03
  1.326973E-02 -9.702220E-04 -1.134471E-02  1.209428E-02 -1.219282E-02 -7.735479E-03  1.181370E-02 -2.674162E-02 -8.668417E-03
  1.937720E-02 -6.238372E-03  2.352805E-03  1.449358E-02 -1.449711E-02 -2.843453E-03  1.601132E-02 -1.385668E-02 -1.470362E-02
  1.896866E-02 -8.984163E-04  1.740864E-03  1.209856E-02 -7.162556E-03 -5.331981E-04  5.543216E-03 -2.015119E-02 -5.257370E-03
  2.214287E-02 -4.121436E-04  1.911491E-03  1.599356E-02 -8.460954E-03  3.085213E-03  1.016958E-02 -2.073296E-02  2.552300E-03
  1.837081E-02 -1.346561E-03  2.117907E-03  1.283645E-02 -1.011213E-02  1.050439E-03  1.319914E-02 -2.896285E-02  1.464166E-03
  1.269045E-02 -1.128825E-03  2.694156E-03  8.125625E-03 -8.313167E-03  2.194628E-04  5.536784E-03 -1.752008E-02 -3.338145E-03
  1.599313E-02  4.900319E-04  3.653025E-03  6.549662E-03 -9.681233E-03  1.267427E-03 -7.250788E-03 -2.836152E-02 -5.227515E-03
  1.869013E-02  2.742814E-04  2.822082E-03  1.448159E-02 -1.028738E-02  1.515187E-03  1.585626E-02 -2.606938E-02  3.634564E-04
  2.523506E-02 -1.707904E-03  2.963418E-04  2.143566E-02 -1.502421E-02 -1.001842E-03  1.965022E-02 -3.084051E-02  3.206283E-03
  1.766049E-02  1.737838E-03 -1.509414E-03  1.158679E-02 -7.541533E-03 -2.502570E-03  1.082096E-02 -2.195781E-02 -1.069371E-02
  1.887631E-02  3.591697E-03  7.054270E-04  1.254059E-02 -4.649716E-03  1.747059E-03  1.134788E-02 -1.906795E-02 -3.688935E-03
  2.094801E-02 -9.819202E-04  1.878971E-03  1.702210E-02 -1.216788E-02  1.274400E-03  2.347357E-02 -2.808752E-02 -3.003224E-04
  1.901120E-02 -1.828939E-03  2.419423E-03  1.049170E-02 -1.127908E-02  1.588583E-03  7.117557E-03 -3.132963E-02  1.708636E-03
  2.008850E-02  2.402700E-03 -1.326584E-03  1.573219E-02 -9.466065E-03 -2.437343E-03  1.444651E-02 -2.849383E-02 -3.280867E-03
  1.472343E-02 -1.365598E-03 -1.187323E-02  1.113985E-02 -1.112965E-02 -8.697046E-03  1.033129E-02 -2.281364E-02 -9.286740E-03
  1.832698E-02 -3.623979E-03  2.966591E-03  1.409234E-02 -1.298616E-02 -1.064760E-03  1.733347E-02 -1.846794E-02 -1.452018E-02
  1.864510E-02 -5.670727E-03  4.052244E-04  1.106793E-02 -1.070874E-02  1.499445E-04  4.798162E-03 -2.216138E-02 -1.414561E-03
  1.979810E-02 -1.985685E-03  3.033054E-03  1.425985E-02 -1.030455E-02  2.589620E-03  9.478339E-03 -2.377498E-02 -1.181071E-03
  1.701684E-02 -5.317440E-03  6.350095E-05  9.093084E-03 -1.295864E-02  1.171511E-03  3.753230E-03 -2.952402E-02  5.721849E-03
  1.126820E-02  2.639215E-03  7.444784E-04  7.947212E-03 -7.819602E-03 -1.377646E-03  6.810511E-03 -2.220715E-02 -5.433246E-03
  1.420736E-02 -1.887677E-03  6.373021E-03  4.238142E-03 -1.036478E-02  3.308402E-03 -7.449551E-03 -2.726575E-02 -4.310513E-03
  1.629863E-02  2.193412E-03  4.367411E-03  1.244391E-02 -1.015535E-02  5.473702E-03  1.072520E-02 -2.560110E-02  7.610728E-03
