 -5.647318E-03 -2.024707E-02 -6.912540E-03 -5.241639E-03 -1.347133E-02 -2.235546E-03 -1.106457E-02 -2.214407E-02 -3.247848E-03
 -1.059987E-02 -2.145480E-02 -5.961029E-03 -5.303966E-03 -1.793381E-02 -2.394554E-03 -3.746304E-03 -3.219440E-02 -6.037846E-03
 -5.915256E-03 -1.792002E-02 -1.760586E-03 -1.995905E-03 -1.401883E-02 -3.951828E-05 -7.880621E-03 -2.218944E-02  2.939959E-03
 -4.384964E-03 -1.765734E-02  7.455761E-05  1.255201E-04 -1.252431E-02  7.540104E-04 -1.022628E-03 -2.835606E-02 -4.458846E-03
 -3.103593E-03 -2.025400E-02 -6.377483E-03 -6.678215E-03 -1.469811E-02 -1.958558E-03 -1.258338E-02 -3.489199E-02  1.611329E-03
 -3.119995E-03 -1.919400E-02 -4.224262E-04 -3.015498E-03 -1.121633E-02  6.020769E-04 -9.000487E-03 -2.262255E-02 -3.904483E-03
  2.256447E-03 -1.631520E-02  1.077962E-06  6.898474E-05 -1.026638E-02  2.370257E-03 -2.912264E-03 -1.926151E-02 -2.387568E-03
 -3.177718E-03 -1.993978E-02 -4.132594E-03 -4.425648E-03 -1.379683E-02 -3.179225E-03 -9.240293E-03 -2.892054E-02  5.068798E-05
 -7.487112E-03 -2.071117E-02 -4.712467E-03 -4.684219E-03 -1.524952E-02 -4.341175E-03 -7.968845E-03 -2.785191E-02 -3.336135E-03
 -2.933328E-03 -2.335275E-02 -1.043908E-03 -4.122041E-03 -1.357448E-02 -1.439840E-03 -1.686198E-02 -1.967996E-02  1.906152E-03
 -1.480468E-03 -2.363101E-02 -4.401506E-03 -6.389263E-03 -1.487124E-02 -4.167853E-03 -1.021756E-02 -2.007037E-02  1.179836E-02
 -5.184577E-03 -2.321317E-02 -7.244990E-04 -6.671085E-03 -1.454568E-02  1.528921E-04 -1.394203E-02 -2.361484E-02  2.306069E-04
 -1.191438E-02 -1.906474E-02  4.089209E-03 -4.052792E-03 -1.307323E-02 -5.572453E-04 -5.427087E-03 -1.999910E-02 -7.412682E-03
 -5.710228E-03 -2.290497E-02 -5.471987E-03 -2.552240E-03 -1.396449E-02 -5.426392E-03 -8.689745E-03 -2.541722E-02 -1.119518E-02
 -1.989414E-03 -1.803250E-02 -7.475757E-03 -4.801645E-03 -1.357340E-02 -1.685969E-03 -1.525877E-02 -2.739322E-02 -2.565448E-04
 -8.597139E-03 -2.018762E-02 -5.859635E-03 -6.659949E-03 -1.790033E-02 -2.584754E-03 -7.991557E-03 -3.597682E-02 -1.663615E-03
 -7.441904E-03 -2.135293E-02 -2.305244E-03 -3.496396E-03 -1.396828E-02 -7.002905E-04 -6.500847E-03 -2.032014E-02  3.202145E-03
 -3.903407E-03 -1.634991E-02  6.794074E-04  6.021367E-04 -1.273377E-02 -6.097659E-04  1.024436E-03 -2.627056E-02 -6.657078E-03
 -4.836516E-03 -2.109334E-02 -3.536879E-03 -6.742504E-03 -1.411528E-02 -1.090678E-03 -1.398724E-02 -3.253888E-02  2.263459E-03
 -6.077539E-03 -2.000174E-02 -4.157259E-04 -3.598986E-03 -1.299063E-02 -7.341388E-04 -6.596156E-03 -2.445401E-02 -1.351031E-02
  1.867937E-03 -1.759237E-02  1.153298E-03 -1.449431E-03 -1.200102E-02  1.989914E-03 -6.216158E-03 -2.900870E-02 -7.467290E-03
 -3.206389E-03 -2.011606E-02 -5.711463E-03 -2.229974E-03 -1.371139E-02 -4.629690E-03 -5.517241E-03 -2.900079E-02 -9.356696E-03
 -7.994275E-03 -2.259115E-02 -4.416730E-03 -7.590792E-03 -1.502856E-02 -4.786478E-03 -1.773177E-02 -2.592723E-02 -2.454562E-03
 -2.262555E-03 -2.269958E-02 -3.769864E-03 -2.832458E-03 -1.404138E-02 -2.630811E-03 -1.499485E-02 -2.193609E-02 -3.368132E-03
  2.953627E-03 -1.947288E-02 -3.412668E-03 -3.076852E-03 -1.365010E-02 -4.390034E-03 -1.096438E-02 -2.467146E-02  9.134116E-03
 -6.052309E-03 -2.391160E-02  2.774303E-04 -6.268474E-03 -1.439164E-02  2.902022E-04 -1.298962E-02 -2.314779E-02 -1.470799E-03
 -1.538280E-02 -2.002684E-02  9.084191E-04 -4.765803E-03 -1.389096E-02 -2.132161E-03 -5.483510E-03 -1.883300E-02 -9.794299E-03
 -8.405778E-03 -2.147359E-02 -4.843521E-03 -4.978217E-03 -1.080476E-02 -2.214280E-03 -1.680807E-02 -2.099050E-02 -6.014288E-03
 -2.511713E-03 -1.819874E-02 -8.365937E-03 -3.454113E-03 -1.313585E-02 -3.816174E-03 -1.296612E-02 -2.725362E-02 -2.574803E-04
 -1.055595E-02 -2.140114E-02 -7.596186E-03 -8.190950E-03 -1.603395E-02 -3.640711E-03 -1.409853E-02 -3.096349E-02  4.828850E-05
 -8.771678E-03 -2.075535E-02 -4.648477E-04 -4.123298E-03 -1.389751E-02 -4.321943E-04 -6.657235E-03 -2.030957E-02  3.066131E-03
 -7.122877E-03 -2.004303E-02 -1.921631E-03 -2.743698E-03 -1.230178E-02 -4.315790E-03 -4.854119E-03 -2.204467E-02 -6.549293E-03
 -5.115717E-03 -2.198430E-02 -1.066935E-03 -4.851167E-03 -1.451864E-02 -5.045246E-04 -9.078128E-03 -2.865495E-02 -1.180300E-03
 -4.780144E-03 -2.065012E-02 -1.391092E-03 -1.217930E-03 -1.303667E-02 -2.003917E-03  6.517811E-04 -2.253959E-02 -1.857997E-02
 -1.721042E-03 -1.844058E-02  4.637726E-03 -3.242252E-03 -1.198393E-02  3.260972E-03 -1.347954E-02 -2.828547E-02 -3.656836E-03
 -5.469321E-04 -2.073346E-02 -4.293399E-03 -8.368852E-04 -1.390666E-02 -5.384024E-03 -4.379252E-03 -2.698009E-02 -1.216644E-02
 -6.490575E-03 -2.275927E-02 -3.535022E-03 -6.420140E-03 -1.439979E-02 -4.187812E-03 -2.011759E-02 -2.365979E-02  1.298734E-03
  1.545295E-03 -2.188510E-02 -3.933547E-03 -8.703470E-04 -1.443765E-02 -1.702903E-03 -1.044960E-02 -2.665840E-02 -2.349498E-03
  1.921916E-03 -1.658617E-02  9.113042E-04 -1.437361E-03 -1.181973E-02 -2.918907E-03 -3.100916E-03 -2.320458E-02  7.682691E-03
 -6.495900E-03 -2.186870E-02 -7.622686E-03 -7.394090E-03 -1.349808E-02 -4.600494E-03 -1.336628E-02 -2.072372E-02 -1.431527E-02
 -1.346772E-02 -2.332968E-02 -2.039833E-04 -4.402505E-03 -1.649087E-02 -4.469835E-03 -6.004734E-03 -1.903015E-02 -1.384699E-02
 -7.546462E-03 -2.125486E-02  7.102753E-04 -3.909097E-03 -1.052160E-02  9.845851E-04 -1.660800E-02 -2.243651E-02 -9.995553E-04
 -4.578966E-03 -2.091218E-02 -7.302754E-03 -4.333931E-03 -1.461941E-02 -5.214609E-03 -1.008580E-02 -2.723236E-02 -4.811053E-03
 -8.604694E-03 -2.271019E-02 -1.078851E-02 -6.041148E-03 -1.561291E-02 -6.156280E-03 -1.272143E-02 -3.007677E-02 -5.546147E-03
 -7.999487E-03 -1.946621E-02  1.128521E-03 -3.678377E-03 -1.322291E-02  1.746295E-04 -8.455718E-03 -2.128948E-02  2.762160E-03
 -4.288964E-03 -1.504363E-02 -2.587098E-03 -2.337653E-04 -1.157594E-02 -2.020427E-03 -2.863557E-03 -2.662011E-02 -5.836849E-03
 -6.660651E-03 -2.085340E-02 -3.076495E-03 -5.094048E-03 -1.391668E-02 -1.305498E-03 -7.689510E-03 -2.818730E-02 -5.170708E-03
 -4.111671E-03 -2.036247E-02  9.118957E-04 -1.200796E-03 -1.271424E-02  6.916181E-04 -3.691542E-03 -2.437435E-02 -5.178750E-03
 -2.236546E-04 -1.996912E-02  1.808653E-03 -1.346291E-03 -1.253658E-02  2.078881E-03 -8.319027E-03 -2.825403E-02 -4.263873E-03
 -1.270191E-03 -1.963906E-02 -4.387581E-03 -1.908219E-03 -1.443669E-02 -4.848890E-03 -5.673879E-03 -3.455017E-02 -9.377450E-03
 -7.441338E-03 -2.161746E-02 -6.445785E-03 -4.643809E-03 -1.288091E-02 -5.833594E-03 -1.809271E-02 -2.147545E-02 -4.564590E-04
  2.203892E-03 -1.986768E-02 -1.866897E-03 -6.536741E-05 -1.256225E-02 -2.423400E-04 -4.625274E-03 -2.234875E-02  1.132517E-03
  1.055269E-03 -2.144321E-02  3.266402E-03 -2.879928E-03 -1.358633E-02 -7.736980E-04 -4.497522E-03 -2.046000E-02  1.046810E-02
 -6.856534E-03 -2.220851E-02 -6.586802E-03 -7.525114E-03 -1.184125E-02 -3.459210E-03 -1.152238E-02 -1.998682E-02 -1.255867E-02
 -1.006420E-02 -1.984956E-02  4.521549E-04 -3.508398E-03 -1.732072E-02 -3.523961E-03 -7.204689E-03 -2.123586E-02 -1.386588E-02
 -5.850726E-03 -1.918364E-02  3.824186E-03 -2.664555E-03 -1.122453E-02  1.234680E-03 -1.250262E-02 -2.194304E-02  4.917686E-04
 -7.909055E-03 -2.136935E-02 -5.626588E-03 -3.882462E-03 -1.383916E-02 -4.266126E-03 -6.689893E-03 -2.430527E-02 -4.424146E-03
 -7.462473E-03 -1.836733E-02 -1.111676E-02 -4.421778E-03 -1.439968E-02 -6.120998E-03 -8.619584E-03 -2.653083E-02 -6.184966E-03
 -7.053721E-03 -1.650785E-02  8.892665E-04 -5.371191E-03 -1.308194E-02  5.033993E-05 -1.004602E-02 -2.159979E-02  1.558835E-03
 -5.222856E-03 -1.483447E-02 -3.197527E-03 -4.951787E-04 -9.690027E-03 -1.466786E-03 -2.179111E-04 -1.797615E-02 -1.253975E-02
 -5.979893E-03 -2.005908E-02 -7.673885E-03 -6.723324E-03 -1.215172E-02 -3.678304E-03 -1.207847E-02 -2.248614E-02 -8.240777E-03
 -3.624080E-03 -1.790742E-02  3.160007E-03 -1.259329E-03 -1.051016E-02  2.330941E-03 -5.666555E-03 -2.308323E-02  5.738678E-03
 -1.771623E-03 -1.864574E-02 -1.503542E-03 -1.736252E-03 -1.149756E-02  2.159378E-03 -5.724427E-03 -2.421105E-02 -2.301862E-03
 -1.972186E-03 -2.326502E-02 -7.815658E-03 -4.654398E-03 -1.632726E-02 -5.302599E-03 -9.575304E-03 -3.781372E-02 -8.482631E-03
 -6.622650E-03 -1.850517E-02 -8.272628E-03 -5.209814E-03 -1.028803E-02 -6.658455E-03 -1.645547E-02 -1.558356E-02 -3.137474E-03
 -7.638075E-04 -1.996567E-02 -9.980596E-04 -4.411496E-04 -1.138482E-02  1.385253E-03 -1.873059E-03 -2.182094E-02  3.786252E-03
 -4.515973E-04 -2.169679E-02 -4.889683E-03 -1.857610E-03 -1.348707E-02 -4.869336E-03 -3.159590E-03 -2.022468E-02  4.905386E-03
 -8.756311E-03 -2.412437E-02  4.964235E-04 -1.048061E-02 -1.345109E-02  1.202196E-03 -1.891975E-02 -1.970748E-02 -1.283182E-03
 -7.971829E-03 -2.236264E-02 -6.730329E-04 -3.575930E-03 -1.711185E-02 -3.868739E-03 -8.554750E-03 -2.140776E-02 -1.584841E-02
 -5.504607E-03 -2.135618E-02  8.112483E-04 -2.230471E-03 -1.274867E-02 -1.034560E-03 -9.195258E-03 -1.917916E-02 -4.878790E-04
 -6.408158E-03 -2.447734E-02 -4.179394E-03 -3.230005E-03 -1.397247E-02 -3.312823E-03 -8.069230E-03 -2.320354E-02 -3.583726E-03
 -6.877009E-03 -1.949497E-02 -1.112949E-02 -4.416458E-03 -1.477398E-02 -5.506794E-03 -9.323416E-03 -2.287450E-02 -2.771892E-03
 -9.696362E-03 -1.859575E-02  2.603946E-03 -5.079130E-03 -1.325159E-02  1.305355E-03 -8.701903E-03 -2.128430E-02  4.356385E-03
 -5.798981E-03 -1.523707E-02 -2.174805E-03  4.079404E-04 -8.963544E-03 -2.306725E-03  2.990228E-03 -1.514359E-02 -1.757818E-02
 -7.270853E-03 -1.717015E-02 -8.361007E-03 -7.832060E-03 -9.838634E-03 -4.721588E-03 -1.458965E-02 -1.688308E-02 -1.089950E-02
 -5.456569E-03 -1.971279E-02  1.784361E-03 -5.225919E-03 -1.149023E-02  7.835014E-04 -1.457323E-02 -2.394640E-02  3.669710E-03
 -1.676641E-03 -2.010302E-02 -5.119673E-04 -2.305606E-03 -1.206286E-02  1.453648E-03 -8.397328E-03 -2.630078E-02 -2.303056E-04
 -4.639351E-03 -2.269062E-02 -9.185744E-03 -4.138771E-03 -1.502326E-02 -5.698038E-03 -7.213960E-03 -3.307586E-02 -8.676573E-03
 -3.350487E-03 -1.513731E-02 -3.065114E-03 -3.948892E-03 -8.985998E-03 -4.225904E-03 -1.271691E-02 -1.986742E-02 -7.614874E-04
 -1.684133E-03 -2.232766E-02 -1.975628E-03 -2.668909E-03 -1.412306E-02 -2.125215E-03 -7.210951E-03 -2.436116E-02 -2.180135E-03
 -5.387730E-04 -2.128143E-02 -6.260138E-03 -2.489975E-03 -1.251954E-02 -4.945661E-03 -6.783507E-03 -1.981683E-02  4.001804E-03
 -5.747036E-03 -2.275007E-02  1.677302E-03 -6.144370E-03 -1.352383E-02  6.163465E-04 -1.096526E-02 -2.268542E-02 -3.610719E-03
 -1.025945E-02 -1.987941E-02 -2.986897E-04 -3.976720E-03 -1.695962E-02 -1.510987E-03 -7.532953E-03 -2.370022E-02 -1.255034E-02
 -5.654308E-03 -2.203291E-02 -1.391974E-03 -3.646413E-03 -1.350474E-02 -2.544905E-04 -9.686724E-03 -2.014113E-02  2.339858E-03
 -4.364012E-03 -2.285075E-02 -3.590798E-03 -1.345650E-03 -1.413837E-02 -2.357962E-03 -3.901518E-03 -3.033924E-02 -1.017557E-03
 -8.464564E-03 -2.189203E-02 -9.709138E-03 -5.831024E-03 -1.438588E-02 -3.884585E-03 -1.109535E-02 -2.303747E-02  2.108341E-04
 -6.064802E-03 -1.732514E-02  1.615902E-03 -2.143481E-03 -1.462439E-02  8.413697E-04 -8.275468E-03 -2.399787E-02  6.995551E-03
 -7.067783E-03 -1.722693E-02 -2.311006E-03 -2.345389E-03 -9.799884E-03 -5.119976E-03 -4.499660E-03 -1.646498E-02 -1.722952E-02
 -6.932788E-03 -1.815750E-02 -8.694686E-03 -6.526558E-03 -1.098963E-02 -5.728170E-03 -1.407769E-02 -1.668301E-02 -1.806327E-02
 -6.356999E-03 -1.777003E-02  3.476375E-03 -3.515103E-03 -1.445643E-02  4.503910E-04 -1.140108E-02 -3.160734E-02 -1.602561E-03
 -4.979813E-03 -1.835912E-02  1.511466E-03 -2.802110E-03 -1.114409E-02  1.142097E-03 -6.622090E-03 -2.451148E-02  9.098575E-04
 -5.392290E-03 -2.246975E-02 -5.594723E-03 -3.457383E-03 -1.481887E-02 -5.063209E-03 -5.514240E-03 -3.459208E-02 -8.290456E-03
 -3.492425E-03 -1.614353E-02  1.174752E-03 -5.502028E-03 -1.014458E-02 -2.491544E-03 -1.123429E-02 -2.190719E-02 -1.846822E-04
 -2.317052E-03 -1.857982E-02 -3.319394E-03 -2.588299E-03 -1.117736E-02 -3.977274E-03 -6.077786E-03 -1.930256E-02 -2.109999E-03
 -2.774720E-04 -2.203628E-02 -4.206594E-03 -1.594891E-03 -1.260021E-02 -5.649807E-03 -6.865495E-03 -2.283304E-02 -2.012479E-04
 -3.079452E-03 -2.132157E-02 -5.072932E-03 -4.924492E-03 -1.324922E-02 -4.750092E-03 -9.063771E-03 -2.097290E-02 -1.150084E-02
 -7.550468E-03 -2.683451E-02  2.671597E-03 -3.400146E-03 -1.904449E-02 -9.080902E-04 -7.198136E-03 -2.499721E-02 -1.007951E-02
 -8.539158E-03 -2.152444E-02 -2.848999E-03 -3.416076E-03 -1.227988E-02 -7.374462E-04 -1.107041E-02 -2.073353E-02  2.434171E-03
 -5.905742E-03 -2.120506E-02 -3.795318E-03 -3.782481E-03 -1.367325E-02 -1.790638E-03 -9.866164E-03 -2.896367E-02 -2.071726E-03
 -1.113942E-02 -2.029499E-02 -7.622909E-03 -7.937801E-03 -1.479298E-02 -5.021860E-03 -1.328842E-02 -2.630251E-02 -4.742851E-03
 -8.130573E-03 -2.068230E-02 -5.795532E-04 -4.930379E-03 -1.410484E-02 -8.539444E-04 -7.132069E-03 -1.846991E-02  3.338873E-03
 -7.162474E-03 -1.811307E-02 -2.161790E-03 -1.215349E-03 -1.049760E-02 -4.101451E-03 -6.497788E-03 -1.839869E-02 -1.511951E-02
 -9.068263E-03 -2.037197E-02 -6.218986E-03 -8.166707E-03 -1.229224E-02 -5.052079E-03 -1.396433E-02 -1.498022E-02 -1.801879E-02
 -4.143195E-03 -2.066513E-02  5.108085E-03 -2.691751E-03 -1.659106E-02  1.612820E-03 -7.345868E-03 -2.750833E-02 -9.817605E-05
 -2.046950E-03 -2.070064E-02  1.471691E-03 -2.068918E-03 -1.280654E-02 -7.025760E-04 -5.567969E-03 -2.271725E-02 -4.296829E-03
 -5.968465E-03 -2.349080E-02 -4.980161E-03 -7.343396E-03 -1.686208E-02 -6.473916E-03 -1.243123E-02 -3.639530E-02 -8.472735E-03
 -4.019684E-04 -2.008123E-02 -9.394774E-04 -5.026744E-03 -1.398102E-02 -3.988894E-03 -1.019998E-02 -2.498074E-02 -5.907118E-03
 -1.698220E-03 -1.677337E-02 -2.046179E-03 -2.549180E-03 -8.275017E-03 -2.942877E-03 -8.645249E-03 -1.147156E-02 -2.007813E-03
 -1.956971E-03 -1.926891E-02 -2.728067E-03 -1.459791E-03 -1.330307E-02 -4.606585E-03 -5.406745E-03 -2.755398E-02 -5.838054E-04
 -5.909954E-03 -2.190386E-02 -3.503892E-03 -5.571520E-03 -1.291391E-02 -1.673619E-03 -1.096766E-02 -2.375612E-02 -8.353014E-03
 -7.118000E-03 -2.121642E-02  1.354226E-03 -2.371076E-03 -1.923731E-02 -2.227283E-04 -5.554619E-03 -2.875514E-02 -8.505115E-03
 -7.736992E-03 -2.165952E-02  2.242921E-03 -3.314317E-03 -1.212724E-02 -6.407831E-04 -1.124572E-02 -1.731769E-02 -4.921597E-04
 -6.163564E-03 -2.374587E-02 -1.795824E-03 -5.034033E-03 -1.457470E-02 -1.151038E-03 -1.158512E-02 -2.821851E-02 -6.717227E-03
 -9.184025E-03 -2.203448E-02 -6.067929E-03 -7.406547E-03 -1.420587E-02 -4.894535E-03 -1.206782E-02 -2.422100E-02 -4.065481E-03
 -6.145829E-03 -2.131390E-02  6.868040E-04 -4.832917E-03 -1.475633E-02 -2.140833E-04 -1.251068E-02 -2.036514E-02  5.311060E-03
 -3.287425E-03 -1.811130E-02 -5.375650E-03  1.329049E-03 -1.108065E-02 -5.484664E-03 -1.967276E-03 -1.883870E-02 -1.908376E-02
 -7.198282E-03 -2.078947E-02 -4.038409E-03 -7.362105E-03 -1.237633E-02 -2.523026E-03 -1.498816E-02 -1.763421E-02 -1.432548E-02
 -3.603388E-03 -2.154174E-02  3.995715E-03 -1.981980E-03 -1.655210E-02  2.825793E-04 -7.444583E-03 -2.736983E-02  1.462796E-04
 -5.161117E-03 -2.049765E-02  1.935265E-03 -1.949501E-03 -1.219452E-02  6.131404E-04 -5.311910E-03 -2.353244E-02 -4.207203E-03
 -1.042257E-02 -2.156182E-02 -5.490311E-03 -7.481141E-03 -1.641067E-02 -5.577077E-03 -1.352474E-02 -4.086380E-02 -9.696618E-03
 -6.482854E-04 -1.948719E-02 -4.723161E-03 -3.177107E-03 -1.289253E-02 -5.131973E-03 -8.049043E-03 -2.443133E-02 -8.077726E-03
 -2.335239E-03 -1.759948E-02 -2.298603E-03 -2.118840E-03 -7.786694E-03 -1.172864E-03 -1.289831E-02 -1.243737E-02 -1.106930E-03
  2.633316E-04 -2.068787E-02 -2.749097E-03 -2.563572E-03 -1.393246E-02 -2.487507E-03 -1.037386E-02 -2.648118E-02  1.793468E-03
 -6.919548E-03 -2.347874E-02  1.393703E-03 -9.168353E-03 -1.375317E-02  2.220441E-03 -1.782988E-02 -2.535659E-02  2.101218E-03
 -5.694695E-03 -2.291490E-02 -1.019158E-03 -1.652212E-03 -1.955923E-02 -2.998925E-03 -3.774807E-03 -2.851813E-02 -1.323187E-02
 -8.217129E-03 -1.595105E-02  4.330661E-03 -4.716009E-04 -1.112211E-02 -6.922546E-04 -8.652663E-03 -1.822052E-02 -2.812814E-03
 -5.457728E-03 -2.615711E-02 -3.597202E-03 -6.276219E-03 -1.486668E-02 -3.803330E-03 -1.291093E-02 -2.113419E-02 -1.092460E-02
 -6.904153E-03 -1.706433E-02 -7.508600E-03 -3.599278E-03 -1.300902E-02 -4.062827E-03 -7.404430E-03 -2.486009E-02 -2.053224E-03
 -3.835788E-03 -2.046955E-02  4.542909E-03 -3.203574E-03 -1.412473E-02  1.935500E-03 -1.151414E-02 -2.214019E-02  5.281382E-03
 -1.777051E-03 -1.598320E-02 -4.746596E-03  1.805725E-03 -9.865723E-03 -4.946628E-03  1.075639E-03 -1.221785E-02 -2.063995E-02
 -6.456688E-03 -1.965832E-02 -4.288106E-03 -7.170297E-03 -1.214980E-02 -2.176340E-03 -1.558410E-02 -1.794578E-02 -1.070105E-02
 -3.498100E-03 -2.039903E-02  5.399334E-04 -3.281602E-03 -1.529057E-02 -2.076547E-03 -1.232400E-02 -2.678939E-02 -2.637443E-03
 -6.181360E-03 -2.208854E-02  3.476149E-03 -3.233556E-03 -1.423237E-02  2.724267E-03 -1.067306E-02 -3.049289E-02 -2.915044E-03
 -7.073581E-03 -2.334687E-02 -5.424329E-03 -7.457637E-03 -1.689436E-02 -5.433633E-03 -1.547043E-02 -3.503675E-02 -1.299863E-02
  9.189057E-04 -1.756682E-02 -3.569346E-03 -2.742887E-03 -1.208681E-02 -5.040875E-03 -7.871191E-03 -2.285104E-02 -1.013349E-02
 -2.440455E-03 -2.028434E-02 -2.654772E-03 -2.493332E-03 -1.119781E-02  3.472611E-05 -1.496820E-02 -1.860566E-02  2.530833E-04
  4.217891E-04 -1.939599E-02 -4.119995E-03 -2.857133E-03 -1.251525E-02 -3.072115E-03 -1.083226E-02 -2.786557E-02 -1.068667E-04
 -8.532056E-03 -2.311812E-02  5.538816E-04 -7.984849E-03 -1.257960E-02 -7.253257E-04 -1.497921E-02 -2.203146E-02 -9.196492E-04
 -7.793709E-03 -2.115206E-02 -1.929623E-03 -2.169021E-03 -1.919778E-02 -4.319409E-03 -3.109777E-03 -3.025994E-02 -1.431074E-02
 -1.127194E-02 -2.004471E-02  6.257074E-03 -3.666452E-03 -1.224516E-02  3.841641E-04 -1.200685E-02 -1.573555E-02  1.503571E-03
 -5.877604E-03 -2.353410E-02 -5.628506E-03 -6.062548E-03 -1.568150E-02 -6.089539E-03 -1.425417E-02 -2.411314E-02 -1.625773E-02
 -6.475121E-03 -2.093477E-02 -7.170045E-03 -4.939433E-03 -1.191503E-02 -2.444829E-03 -1.134772E-02 -1.947117E-02  1.907076E-03
 -3.321651E-03 -1.878686E-02  2.249322E-03 -2.558709E-03 -1.465564E-02  1.204247E-03 -9.305390E-03 -2.535170E-02  2.796024E-03
 -3.077651E-03 -1.883585E-02 -1.233565E-03 -1.503641E-03 -1.066683E-02 -2.861903E-03 -5.319469E-03 -1.325605E-02 -1.876072E-02
 -2.957569E-03 -1.976152E-02 -7.099170E-03 -4.395109E-03 -1.396942E-02 -4.091564E-03 -1.098408E-02 -2.089375E-02 -1.371507E-02
 -6.948844E-03 -1.775356E-02  2.165194E-03 -3.886570E-03 -1.265886E-02  7.099434E-04 -1.045181E-02 -2.429009E-02 -1.268865E-03
 -4.804030E-03 -2.027721E-02  2.973511E-03 -1.704591E-03 -1.436366E-02  2.307379E-03 -6.363111E-03 -2.904312E-02 -2.289659E-03
 -5.370880E-03 -2.312265E-02 -2.571952E-03 -5.268964E-03 -1.564815E-02 -3.424159E-03 -1.191097E-02 -3.142251E-02 -9.728235E-03
 -4.415811E-03 -2.118426E-02 -4.381348E-04 -6.304129E-03 -1.190472E-02 -3.727926E-03 -1.426952E-02 -2.244321E-02 -9.365253E-03
 -1.448578E-03 -2.273298E-02 -3.001446E-03 -3.031630E-03 -1.441226E-02 -1.534962E-03 -1.258541E-02 -2.323544E-02  4.794475E-04
  8.375021E-04 -2.016140E-02 -2.798214E-03 -1.597951E-03 -1.340906E-02 -4.107054E-03 -5.476522E-03 -2.762988E-02 -3.971433E-03
 -8.008981E-03 -2.250074E-02 -4.424227E-03 -8.988605E-03 -1.437770E-02 -4.424506E-03 -1.520455E-02 -2.606579E-02 -1.186512E-02
 -5.947189E-03 -2.424873E-02  1.409823E-03 -1.487666E-03 -1.991524E-02 -3.340532E-03 -1.396193E-03 -2.958047E-02 -1.256546E-02
 -1.407488E-02 -1.819085E-02  1.044492E-03 -5.115240E-03 -1.167219E-02  7.546481E-04 -1.146669E-02 -1.495732E-02  3.388330E-03
 -5.601107E-03 -2.383362E-02 -6.619949E-03 -6.663086E-03 -1.555228E-02 -6.305715E-03 -1.399973E-02 -2.613556E-02 -1.533708E-02
 -1.039006E-02 -2.019096E-02 -5.480789E-03 -7.141740E-03 -1.232525E-02 -3.457319E-03 -1.448230E-02 -1.814402E-02  1.600733E-03
 -4.052823E-03 -1.878268E-02 -1.776332E-03 -2.850088E-03 -1.442102E-02  2.705329E-04 -9.705154E-03 -2.771207E-02 -1.703967E-05
 -2.036188E-03 -1.691257E-02  1.933434E-03 -1.227702E-03 -9.503849E-03 -3.193766E-04 -7.654760E-03 -2.058520E-02 -1.027389E-02
 -7.558024E-03 -1.854512E-02 -7.251012E-03 -5.144727E-03 -1.256368E-02 -4.106721E-03 -6.562561E-03 -1.518843E-02 -1.329180E-02
 -9.466906E-03 -1.851115E-02  2.908923E-03 -4.316728E-03 -1.295147E-02  3.278897E-03 -6.824245E-03 -2.188753E-02 -1.790420E-04
 -9.337810E-04 -2.085699E-02  1.049397E-03  1.942091E-05 -1.468134E-02  4.848047E-05 -3.295737E-03 -2.525880E-02 -3.706568E-03
 -1.331193E-03 -2.383594E-02 -3.216150E-03 -4.811276E-03 -1.730911E-02 -3.788803E-03 -1.153536E-02 -3.490255E-02 -3.917369E-03
 -2.415690E-03 -2.162079E-02 -1.102864E-03 -8.937122E-03 -1.278055E-02 -3.208729E-03 -1.780525E-02 -2.560251E-02 -7.334853E-03
 -6.007719E-03 -2.047183E-02 -9.615957E-04 -4.831526E-03 -1.447049E-02 -2.469366E-03 -1.144383E-02 -2.559473E-02 -2.545525E-03
 -7.978704E-04 -1.939712E-02 -1.861721E-03 -2.929055E-04 -1.359408E-02 -5.709720E-03 -1.349698E-03 -2.270333E-02 -6.013370E-03
 -7.273689E-03 -2.307436E-02 -4.657473E-03 -6.814319E-03 -1.383401E-02 -5.770573E-03 -1.412252E-02 -2.580794E-02 -1.388955E-02
 -7.418705E-03 -2.219346E-02 -3.148350E-04 -3.532665E-03 -1.909242E-02 -3.718125E-03 -4.238943E-03 -2.907831E-02 -1.206405E-02
 -8.499432E-03 -2.177314E-02 -1.798452E-03 -4.985300E-03 -1.456232E-02 -1.066449E-03 -9.690563E-03 -2.224521E-02  1.461481E-03
 -8.277241E-03 -2.002517E-02 -1.107066E-03 -6.583449E-03 -1.355123E-02 -7.536419E-04 -9.843484E-03 -2.854073E-02 -7.881346E-03
 -9.200544E-03 -2.394444E-02 -3.749789E-03 -9.541983E-03 -1.636668E-02 -4.649222E-03 -1.936485E-02 -2.572622E-02  7.786714E-04
 -4.601148E-03 -1.894254E-02 -5.254768E-03 -5.402995E-03 -1.380003E-02 -2.154514E-03 -1.253896E-02 -2.501158E-02 -1.078251E-03
 -1.122323E-03 -1.464260E-02 -2.720049E-04 -5.205144E-04 -9.647803E-03 -1.138227E-03 -7.035209E-03 -2.356886E-02 -8.382690E-03
 -9.431797E-03 -1.881930E-02 -3.950382E-03 -5.587912E-03 -1.185567E-02 -1.988054E-03 -7.420417E-03 -1.693393E-02 -1.031044E-02
 -9.391163E-03 -1.828864E-02 -9.077357E-04 -3.632648E-03 -1.340715E-02  1.292472E-03 -4.842829E-03 -2.271944E-02 -3.032433E-03
  1.891341E-04 -2.164564E-02  1.080256E-03 -5.694277E-04 -1.520211E-02 -9.304139E-05 -4.849150E-03 -2.532524E-02 -2.995438E-03
 -5.242577E-03 -2.256752E-02 -3.525533E-03 -5.277107E-03 -1.634538E-02 -4.982898E-03 -8.176119E-03 -3.617639E-02 -3.208189E-03
 -3.782598E-03 -2.041210E-02 -2.336868E-03 -8.121515E-03 -1.265191E-02 -2.147167E-03 -1.831871E-02 -2.672704E-02 -1.313895E-04
 -5.123928E-03 -1.921613E-02  4.929280E-04 -3.401373E-03 -1.408614E-02 -4.478733E-03 -9.563726E-03 -2.369955E-02 -9.746586E-03
 -2.497611E-03 -1.934189E-02 -2.088338E-03 -5.791533E-04 -1.478877E-02 -7.291587E-03  1.521549E-03 -2.471594E-02 -9.684493E-03
 -7.413647E-03 -2.478882E-02 -3.304061E-03 -6.161221E-03 -1.339812E-02 -2.063731E-03 -1.142778E-02 -2.609021E-02 -6.182009E-03
 -5.445983E-03 -2.105165E-02 -3.112987E-03 -2.980811E-03 -1.685749E-02 -4.832903E-03 -5.106977E-03 -2.624276E-02 -1.350543E-02
 -9.680649E-03 -1.763634E-02 -1.950356E-03 -3.542267E-03 -1.256861E-02 -3.984854E-03 -7.012003E-03 -1.980670E-02 -7.128709E-03
 -5.557304E-03 -2.158599E-02  1.366819E-03 -5.672531E-03 -1.575166E-02  1.737874E-03 -5.793422E-03 -3.288113E-02 -8.465938E-03
 -1.110848E-02 -2.044078E-02 -5.873637E-03 -8.114467E-03 -1.505550E-02 -6.522132E-03 -1.414001E-02 -2.563497E-02 -2.078605E-03
 -5.376188E-03 -2.098996E-02 -3.077030E-03 -5.393954E-03 -1.387592E-02 -1.548394E-03 -1.218166E-02 -2.445581E-02  1.281503E-03
 -3.310635E-03 -1.765615E-02 -3.645081E-03 -1.753255E-03 -1.079282E-02 -3.596866E-03 -6.095961E-03 -1.989418E-02 -1.306256E-02
 -1.369997E-02 -1.748709E-02 -5.778979E-03 -9.752245E-03 -1.034780E-02 -3.794507E-03 -1.531559E-02 -1.455365E-02 -8.500236E-03
 -9.377373E-03 -2.235109E-02 -3.240649E-03 -4.282366E-03 -1.544558E-02 -6.427671E-04 -8.794229E-03 -2.559954E-02 -5.622796E-03
 -3.434132E-03 -2.217014E-02  1.199917E-03 -2.655146E-03 -1.415495E-02  1.119553E-03 -6.548505E-03 -2.500584E-02 -1.299891E-03
 -5.148131E-03 -1.929626E-02 -1.361999E-03 -5.532994E-03 -1.616494E-02 -3.687154E-03 -7.332510E-03 -3.651148E-02 -2.279133E-03
 -3.016620E-03 -2.033209E-02 -3.519330E-03 -6.278619E-03 -1.200813E-02 -4.727824E-04 -1.492520E-02 -2.239309E-02  1.014118E-02
 -7.662307E-03 -2.057858E-02  1.645148E-03 -3.937906E-03 -1.461262E-02 -3.036893E-03 -1.128737E-02 -2.424574E-02 -5.826568E-03
 -4.444235E-03 -1.894420E-02 -3.781952E-03 -3.766077E-03 -1.376240E-02 -7.006677E-03 -7.023125E-03 -2.952666E-02 -1.355668E-02
 -9.633920E-03 -2.307920E-02 -3.626337E-03 -7.381651E-03 -1.103268E-02 -1.504076E-03 -1.162429E-02 -2.128160E-02 -5.238610E-03
 -5.898842E-03 -2.150842E-02 -2.254646E-03 -4.924514E-03 -1.697635E-02 -4.505900E-03 -7.996034E-03 -2.352824E-02 -1.341643E-02
 -1.141667E-02 -1.795275E-02  3.401302E-03 -5.096474E-03 -1.033782E-02 -1.729620E-03 -9.688411E-03 -1.602512E-02 -3.949458E-03
 -9.474917E-03 -2.247957E-02  9.938557E-04 -7.121958E-03 -1.445347E-02  1.631023E-03 -8.563084E-03 -3.081059E-02 -6.795015E-03
 -1.065741E-02 -1.907121E-02 -7.549508E-03 -6.298125E-03 -1.248593E-02 -5.640033E-03 -9.077723E-03 -2.301627E-02 -3.680568E-03
 -2.416857E-03 -1.845110E-02 -1.440459E-03 -1.657969E-03 -1.407645E-02 -1.689945E-03 -1.102419E-02 -2.871627E-02  1.834187E-03
 -5.156732E-03 -1.981006E-02 -3.023201E-03 -2.275240E-03 -1.265068E-02 -4.238900E-03 -6.087541E-03 -2.171546E-02 -1.730024E-02
 -9.835041E-03 -2.063263E-02 -7.569926E-03 -8.064640E-03 -1.240850E-02 -4.289372E-03 -1.387501E-02 -1.749974E-02 -5.716348E-03
 -7.192160E-03 -1.837317E-02 -8.864913E-04 -2.235653E-03 -1.409715E-02 -8.918140E-04 -9.347384E-03 -2.822779E-02 -4.468732E-03
 -1.166373E-03 -2.167704E-02  3.225659E-04 -1.469041E-03 -1.492047E-02  3.561222E-04 -4.914473E-03 -2.986337E-02 -4.757655E-03
 -2.895031E-03 -1.771683E-02 -2.711947E-03 -3.158188E-03 -1.544158E-02 -3.851973E-03 -3.185792E-03 -3.850718E-02 -8.166112E-03
 -6.752880E-03 -2.261029E-02 -5.203651E-04 -5.356901E-03 -1.406689E-02 -1.012518E-04 -7.815962E-03 -2.502393E-02  9.626269E-03
 -6.938027E-03 -2.265058E-02 -8.328137E-04 -3.136804E-03 -1.611400E-02 -1.809322E-03 -5.445090E-03 -2.597263E-02  3.966048E-03
 -5.333879E-03 -1.965249E-02 -4.519838E-03 -3.496501E-03 -1.305453E-02 -5.946742E-03 -8.373698E-03 -2.977726E-02 -1.296847E-02
 -8.993161E-03 -1.921019E-02 -2.778505E-03 -6.526538E-03 -9.697427E-03 -9.585564E-04 -8.963775E-03 -1.983015E-02 -7.138096E-03
 -2.423111E-03 -2.164753E-02  1.495736E-03 -3.057405E-03 -1.617271E-02 -3.917329E-03 -7.660785E-03 -2.094138E-02 -1.261946E-02
 -1.081542E-02 -1.738479E-02  3.854062E-03 -5.303636E-03 -9.799519E-03  2.295644E-03 -1.412903E-02 -1.797439E-02  5.160238E-03
 -6.664977E-03 -2.389550E-02  3.142374E-04 -5.418349E-03 -1.568449E-02  1.275985E-03 -8.634243E-03 -3.711330E-02 -1.001854E-03
 -1.203391E-02 -1.696418E-02 -7.967827E-03 -6.148750E-03 -1.012857E-02 -4.125516E-03 -5.753187E-03 -2.086567E-02 -2.562860E-03
 -1.401297E-03 -2.018825E-02 -5.464085E-03 -2.575093E-03 -1.519133E-02 -3.891022E-03 -1.109697E-02 -2.840438E-02 -4.485408E-03
 -3.743277E-03 -1.775804E-02 -7.519338E-04 -2.180724E-03 -1.234930E-02 -1.995847E-03 -6.459679E-03 -2.259895E-02 -1.600411E-02
 -9.493437E-03 -1.995387E-02 -8.521661E-03 -9.013681E-03 -1.382747E-02 -5.976104E-03 -1.688594E-02 -1.736553E-02 -8.660183E-03
 -5.816346E-03 -2.079185E-02  3.002026E-03 -2.467504E-03 -1.516238E-02  2.205004E-03 -8.955782E-03 -2.656052E-02  2.623962E-05
 -1.474627E-03 -2.011904E-02 -2.170769E-03 -1.404109E-03 -1.427548E-02 -1.185077E-03 -4.374178E-03 -2.710310E-02 -6.027786E-03
 -4.256424E-03 -1.704897E-02 -6.855800E-03 -3.696210E-03 -1.564831E-02 -4.808221E-03 -6.020711E-03 -3.844016E-02 -1.294256E-02
 -9.459196E-03 -2.102925E-02 -1.818390E-03 -8.854363E-03 -1.284673E-02 -2.483880E-03 -1.013740E-02 -2.566499E-02  2.931649E-03
 -3.243966E-03 -2.131334E-02 -1.636493E-03 -7.942039E-04 -1.684228E-02 -2.805905E-04  1.964026E-04 -2.858393E-02  8.916655E-03
 -2.435634E-03 -2.174602E-02 -3.871155E-03 -2.628482E-03 -1.384163E-02 -3.058425E-03 -6.544532E-03 -2.488348E-02 -5.062861E-03
 -6.033402E-03 -2.076448E-02 -3.311657E-03 -8.074731E-03 -1.194549E-02 -3.526184E-03 -1.642460E-02 -2.140898E-02 -1.180485E-02
 -2.305870E-03 -2.155698E-02 -1.014181E-03 -3.304443E-03 -1.709846E-02 -4.652312E-03 -9.914654E-03 -2.261664E-02 -1.379348E-02
 -1.084392E-02 -2.167161E-02 -1.749373E-03 -7.460163E-03 -9.689918E-03  3.746844E-04 -1.767934E-02 -8.894890E-03  3.412122E-03
 -8.343706E-03 -2.557623E-02  1.526552E-03 -8.502153E-03 -1.562992E-02  2.144086E-03 -1.231482E-02 -2.741477E-02  3.469443E-03
 -1.326463E-02 -1.892590E-02 -5.570817E-03 -7.505522E-03 -1.240820E-02 -3.489763E-03 -5.840229E-03 -2.281452E-02 -1.687757E-03
 -2.432010E-03 -2.010795E-02 -6.105365E-03 -3.387549E-03 -1.541317E-02 -3.391631E-03 -1.137655E-02 -2.942195E-02 -4.675395E-03
 -2.737241E-03 -1.736362E-02 -1.220151E-03 -1.217593E-03 -1.130995E-02 -7.980068E-04 -6.647740E-03 -2.191917E-02 -1.413315E-02
 -1.080754E-02 -1.788080E-02 -6.341800E-03 -8.756084E-03 -1.236868E-02 -5.795291E-03 -1.509804E-02 -1.473386E-02 -1.127098E-02
 -8.953018E-03 -2.190791E-02  1.045724E-03 -4.397581E-03 -1.654608E-02  1.117356E-03 -1.293791E-02 -2.837206E-02 -3.956502E-03
  1.742117E-03 -1.908002E-02 -5.370834E-04 -6.024043E-04 -1.448406E-02  6.002703E-04 -3.382173E-03 -2.520059E-02 -2.620655E-03
 -2.841610E-03 -1.797068E-02 -8.915955E-03 -4.234397E-03 -1.539789E-02 -7.042932E-03 -1.342345E-02 -3.650450E-02 -1.456763E-02
 -6.933910E-03 -2.041594E-02 -3.914950E-03 -8.136477E-03 -1.252192E-02 -4.011490E-03 -1.108016E-02 -2.367577E-02 -5.806830E-04
 -5.645767E-03 -2.206865E-02 -8.250454E-04 -2.879854E-03 -1.619571E-02 -1.291549E-03 -4.041570E-03 -2.579360E-02 -2.166079E-03
 -3.796130E-04 -2.032135E-02 -4.252005E-03 -1.291561E-03 -1.365940E-02 -1.928919E-03 -7.222138E-03 -2.215042E-02  2.293211E-03
 -8.394878E-03 -1.972909E-02 -2.445735E-03 -6.560210E-03 -1.175740E-02 -3.555019E-03 -1.437713E-02 -2.055668E-02 -9.349999E-03
 -1.932711E-03 -2.031808E-02 -1.446592E-03 -2.176274E-03 -1.571473E-02 -3.422822E-03 -9.287235E-03 -2.276904E-02 -1.431888E-02
 -8.420528E-03 -2.087062E-02 -4.427948E-03 -5.343523E-03 -1.317286E-02 -2.740189E-03 -1.944034E-02 -1.954616E-02 -3.231700E-04
 -7.072406E-03 -2.624676E-02  2.125608E-03 -7.791524E-03 -1.801689E-02  2.108025E-03 -1.344595E-02 -3.028459E-02  2.289733E-03
 -1.029998E-02 -2.144127E-02 -2.806536E-03 -7.698201E-03 -1.454176E-02 -2.518816E-03 -8.099385E-03 -2.584684E-02  1.551782E-03
 -4.427165E-03 -2.170523E-02 -3.749662E-03 -5.697895E-03 -1.646610E-02 -2.051298E-03 -1.429953E-02 -2.921368E-02  1.956945E-03
 -2.159530E-03 -1.658289E-02 -4.911255E-03 -5.935040E-04 -1.201838E-02 -3.315092E-03 -6.071542E-03 -2.203942E-02 -1.563248E-02
 -1.099951E-02 -1.768079E-02 -1.491662E-03 -8.650438E-03 -1.206601E-02 -1.406676E-03 -1.738957E-02 -1.706580E-02 -5.825160E-03
 -8.288671E-03 -2.689293E-02  7.864672E-04 -5.627662E-03 -1.729790E-02  7.478725E-04 -1.491109E-02 -2.781006E-02 -1.941338E-03
 -7.755899E-04 -1.664189E-02  1.599996E-04 -1.080007E-03 -1.193409E-02  2.551749E-03 -1.156474E-03 -2.201333E-02  3.005454E-05
 -3.639767E-03 -1.547466E-02 -8.945223E-03 -3.781861E-03 -1.360586E-02 -7.102278E-03 -1.472775E-02 -3.641806E-02 -1.352561E-02
 -5.956447E-03 -2.049215E-02 -3.613190E-03 -7.176743E-03 -1.405890E-02 -2.302013E-03 -1.246025E-02 -2.483379E-02  6.393101E-03
 -1.151264E-03 -2.044219E-02  2.509335E-03 -1.778898E-03 -1.567218E-02 -8.446860E-04 -8.169164E-03 -2.469821E-02 -5.484048E-03
  1.001344E-03 -2.132022E-02 -4.811543E-03 -1.682331E-03 -1.412735E-02 -3.991010E-03 -1.143853E-02 -2.302037E-02 -2.090603E-03
 -6.288779E-03 -2.188884E-02 -3.289022E-03 -6.194115E-03 -1.221710E-02 -4.360578E-03 -1.233127E-02 -1.742504E-02 -5.277201E-03
 -3.447078E-03 -1.956935E-02 -2.518785E-03 -3.045368E-03 -1.498998E-02 -3.566065E-03 -8.638271E-03 -2.131508E-02 -1.327222E-02
 -7.904163E-03 -1.866634E-02 -3.450805E-03 -2.959219E-03 -1.184391E-02 -4.282102E-03 -1.136207E-02 -2.284290E-02 -5.161146E-03
 -8.929380E-03 -2.813348E-02 -7.399152E-04 -9.951113E-03 -1.828366E-02 -4.535793E-04 -1.841740E-02 -2.471854E-02 -3.343088E-03
 -8.927503E-03 -1.774281E-02 -6.027054E-03 -4.018134E-03 -1.286280E-02 -3.677274E-03 -4.539335E-03 -2.616119E-02  6.089918E-04
 -3.766666E-03 -2.077648E-02 -1.080875E-03 -3.264792E-03 -1.636289E-02 -1.407800E-03 -1.184358E-02 -3.056118E-02  4.315510E-03
 -5.139048E-03 -1.758311E-02 -6.178143E-03 -1.094652E-03 -1.262833E-02 -4.575548E-03 -6.015713E-03 -2.185660E-02 -1.593032E-02
 -1.022797E-02 -1.975313E-02  6.461816E-04 -7.473112E-03 -1.214082E-02  6.090257E-04 -1.596329E-02 -1.694708E-02 -1.175978E-04
 -7.324979E-03 -1.892830E-02  2.941872E-03 -4.993831E-03 -1.277013E-02  3.828158E-03 -1.384175E-02 -1.976154E-02  8.976304E-03
  2.425531E-04 -1.816753E-02 -2.094748E-03 -9.439640E-04 -1.202139E-02  1.730261E-04 -7.803286E-04 -1.730292E-02 -5.229219E-03
 -3.974301E-03 -1.677245E-02 -8.650381E-03 -6.239959E-03 -1.371518E-02 -7.375902E-03 -1.696211E-02 -3.103608E-02 -1.560415E-02
 -3.876289E-03 -2.058386E-02 -1.238576E-04 -7.261396E-03 -1.651544E-02  4.382867E-04 -1.159841E-02 -2.604313E-02  1.176036E-02
 -4.589181E-03 -1.921640E-02  4.807349E-03 -4.166836E-03 -1.496292E-02  9.533133E-04 -1.027177E-02 -2.150774E-02 -1.542481E-03
 -4.637382E-04 -2.015072E-02 -4.831825E-03 -2.737127E-03 -1.308610E-02 -6.629683E-03 -1.339900E-02 -2.482838E-02 -1.176684E-02
 -9.401359E-03 -2.079233E-02 -7.755884E-04 -7.628964E-03 -1.091782E-02 -2.695953E-03 -1.457129E-02 -1.272861E-02 -2.810565E-03
 -3.389610E-03 -2.156942E-02 -9.216686E-04 -2.791974E-03 -1.601263E-02 -3.897149E-03 -8.393512E-03 -2.269237E-02 -1.252278E-02
 -9.842538E-03 -1.917383E-02 -9.372099E-04 -5.877479E-03 -1.102392E-02 -1.591159E-03 -1.279954E-02 -1.999564E-02 -1.765424E-03
 -5.098197E-03 -2.557929E-02  5.695140E-05 -5.308792E-03 -1.681850E-02  3.065821E-04 -1.338376E-02 -2.725381E-02 -1.576055E-03
 -5.825690E-03 -1.854706E-02 -9.994442E-03 -3.294876E-03 -1.308908E-02 -5.784891E-03 -4.100428E-03 -2.458749E-02 -2.045228E-03
 -2.810368E-03 -2.335041E-02 -3.781112E-03 -4.127483E-03 -1.823718E-02 -3.625379E-03 -1.426467E-02 -3.018131E-02 -3.893099E-03
 -5.784743E-03 -2.079231E-02 -3.117112E-03 -1.639891E-03 -1.345311E-02 -3.579919E-03 -6.695915E-03 -2.380702E-02 -1.498362E-02
 -9.540247E-03 -2.064382E-02 -1.946115E-03 -8.125547E-03 -1.259752E-02 -7.844516E-05 -1.719356E-02 -1.715608E-02  7.556295E-04
 -8.213817E-03 -1.680063E-02  2.350230E-03 -4.607152E-03 -7.740316E-03  4.093136E-03 -1.210853E-02 -6.917104E-03  8.339247E-03
 -3.579957E-03 -1.883179E-02 -1.993187E-03 -2.263492E-03 -1.239755E-02 -1.295799E-03 -1.871122E-03 -1.711900E-02 -6.766108E-03
 -4.708961E-03 -1.648106E-02 -6.990724E-03 -5.728058E-03 -1.475969E-02 -6.176390E-03 -1.361447E-02 -3.395857E-02 -1.124983E-02
 -5.637794E-03 -2.113091E-02 -1.486621E-03 -6.832625E-03 -1.571939E-02 -1.252360E-03 -1.061112E-02 -2.896223E-02  5.594596E-03
 -7.280142E-03 -2.299120E-02 -1.454617E-03 -4.987513E-03 -1.512761E-02 -2.967908E-03 -1.007320E-02 -1.868101E-02 -5.463438E-03
 -1.924582E-03 -1.923670E-02 -1.475388E-03 -3.876070E-03 -1.159313E-02 -4.812168E-03 -1.516760E-02 -2.079091E-02 -7.459555E-03
 -6.358748E-03 -2.125048E-02  6.314593E-06 -8.929832E-03 -1.247593E-02 -1.811920E-03 -1.672159E-02 -1.528980E-02 -3.695859E-03
 -5.773192E-03 -2.325014E-02 -2.026048E-03 -4.268452E-03 -1.754839E-02 -4.862406E-03 -1.029824E-02 -2.321761E-02 -1.479763E-02
 -1.110353E-02 -1.811731E-02 -5.291346E-03 -4.872815E-03 -1.011926E-02 -7.480140E-04 -1.254197E-02 -1.965261E-02  4.893531E-04
